,movies,rating,rank,screen,salesShare,audiCnt,showCnt,natinality,season,pactor,pdistributor,news,grade,p_breviews,n_breviews,breviews,p_reviews,n_reviews,reviews,audience_cnt
0,23 아이덴티티,2,5,396,4.6,11348,1132,1,4,15.0,195,38,8.64,127,42,169,553,358,911,1675819
1,47 미터,2,5,364,1.0,13314,622,1,2,8.0,46,1,8.16,198,87,285,155,124,279,590045
2,가디언즈 오브 갤럭시 VOL. 2,1,9,167,1.0,3854,255,1,1,16.0,29,73,9.38,473,69,542,1239,297,1536,2736060
3,강철비,2,3,610,7.5,76078,1599,0,4,26.0,170,475,7.48,572,278,850,781,312,1093,4452755
4,겟 아웃,2,7,180,1.1,3700,326,1,1,1.5,195,17,8.22,657,369,1026,453,211,664,2138425
5,공각기동대 : 고스트 인 더 쉘,2,9,151,0.5,1533,242,1,1,34.0,315,2,8.14,631,265,896,639,413,1052,764072
6,공조,2,10,339,2.7,15745,629,0,4,33.0,228,685,8.51,485,128,613,617,185,802,7817654
7,군함도,2,9,192,1.0,7677,233,0,2,23.0,228,798,8.54,2741,630,3371,4704,5420,10124,6592168
8,그것,2,9,220,2.0,3979,381,1,3,4.5,214,0,8.86,164,41,205,377,189,566,888836
9,그레이트 월,1,9,367,3.0,15833,1006,1,4,48.0,195,18,8.02,454,174,628,260,176,436,501486
10,기억의 밤,2,7,97,0.3,2062,138,0,3,12.5,3,2,9.25,301,48,349,515,188,703,1387779
11,꾼,2,3,553,4.2,21186,1265,0,3,19.5,224,643,7.47,199,123,322,587,243,830,4018341
12,남한산성,2,8,221,0.8,5196,311,0,3,34.0,228,560,8.27,524,187,711,1012,498,1510,3849129
13,대립군,2,5,91,1.7,13750,98,0,1,20.0,179,245,9.08,437,75,512,885,210,1095,837500
14,대장 김창수,1,5,423,2.1,14229,740,0,3,29.0,3,326,6.69,286,213,499,373,133,506,381483
15,더 킹,2,4,466,5.9,25352,1359,0,4,20.5,170,2,8.54,868,218,1086,991,393,1384,5317383
16,덩케르크,1,8,112,1.6,10111,206,1,2,6.0,214,119,9.22,435,56,491,1120,492,1612,2792705
17,라이프,2,5,460,2.9,9312,1091,1,1,19.0,20,128,8.13,208,113,321,267,180,447,459986
18,레지던트 이블: 파멸의 날,3,7,348,3.0,9824,981,1,4,18.5,195,1,8.19,396,164,560,293,114,407,765259
19,로건,3,7,212,1.1,3778,324,1,1,26.0,179,62,9.09,453,88,541,1391,285,1676,2169109
27,로그 원: 스타워즈 스토리,1,9,482,3.7,17103,1278,1,4,11.5,29,67,8.8,255,67,322,533,191,724,1019285
28,리얼,3,6,182,1.4,6373,243,0,2,13.0,228,1051,8.15,1512,481,1993,1180,2139,3319,470165
36,마스터,2,8,287,0.9,5939,503,0,4,29.5,228,757,8.58,928,421,1349,736,447,1183,7147924
44,미녀와 야수,0,5,258,1.8,7663,430,1,1,21.0,170,25,8.8,166,34,200,655,118,773,5138330
45,미이라,2,6,284,2.1,6450,521,1,2,22.0,195,79,9.02,293,62,355,1108,1096,2204,3689290
46,박열,1,5,389,2.2,11184,832,0,2,15.0,56,428,9.15,721,136,857,592,248,840,2359497
47,반드시 잡는다,2,7,405,4.4,13530,932,0,3,28.0,170,0,8.45,207,56,263,180,99,279,446780
48,발레리안: 천 개 행성의 도시,1,6,419,2.8,10640,1044,1,2,8.0,88,0,8.35,216,95,311,232,129,361,511931
49,범죄도시,3,7,246,1.3,4509,474,0,3,25.0,3,369,9.28,1047,162,1209,454,71,525,6880546
50,베이비 드라이버,2,4,335,1.2,8548,649,1,3,18.5,20,62,9.09,87,15,102,86,35,121,823624
51,보안관,2,5,250,1.3,5386,437,0,1,34.0,315,367,8.29,145,53,198,418,201,619,2588628
52,보통사람,2,9,116,0.7,1782,187,0,1,11.5,23,27,9.23,327,39,366,211,36,247,383336
53,부라더,1,10,240,0.8,3050,429,0,3,27.0,56,399,9.11,660,164,824,259,116,375,1492903
54,분노의 질주: 더 익스트림,2,9,195,0.9,10874,289,1,1,24.5,195,0,9.5,298,31,329,640,100,740,3653238
55,불한당: 나쁜 놈들의 세상,3,6,188,1.0,5899,301,0,1,24.0,228,0,8.74,777,237,1014,547,144,691,954444
56,브이아이피,3,10,289,1.0,3849,538,0,2,19.0,214,557,8.26,432,147,579,735,517,1252,1373342
57,살인자의 기억법,2,3,503,2.5,17697,1237,0,3,28.5,224,0,7.94,703,291,994,812,257,1069,2658589
58,석조저택 살인사건,2,8,274,1.1,3994,507,0,1,17.5,46,137,8.78,107,32,139,195,117,312,353517
59,스타워즈: 라스트 제다이,1,9,75,0.7,4378,101,1,4,7.5,29,0,8.62,212,64,276,526,261,787,959578
60,스파이더맨: 홈 커밍,1,7,117,0.6,8123,187,1,2,15.5,20,52,9.12,399,62,461,1116,362,1478,7258678
61,신과함께-죄와 벌,1,1,1428,49.5,495106,5998,0,4,27.0,315,4,8.04,2894,1118,4012,1945,653,2598,14411675
62,아메리칸 메이드,2,4,423,4.0,8970,1083,1,3,23.5,195,26,8.92,84,17,101,286,60,346,401550
63,아빠는 딸,1,4,360,2.4,10101,789,0,1,23.5,56,327,9.11,979,121,1100,82,52,134,647305
64,아이 캔 스피크,1,6,140,1.5,14017,162,0,3,17.0,63,302,9.33,415,41,456,432,53,485,3282271
65,악녀,3,8,221,1.3,3997,395,0,2,21.5,170,580,7.45,168,105,273,509,243,752,1208081
66,애나벨 : 인형의 주인,2,7,316,2.9,14462,670,1,2,1.0,214,37,8.24,120,43,163,581,249,830,1934312
67,어쌔신 크리드,2,2,540,14.6,60851,2383,1,4,24.5,179,35,8.92,744,174,918,455,237,692,355813
68,얼라이드,2,10,151,0.6,3858,209,1,4,29.5,315,49,9.16,457,139,596,139,46,185,520478
69,에이리언: 커버넌트,2,9,272,1.5,5667,566,1,1,14.5,179,63,9.27,564,84,648,1490,794,2284,1307226
70,오리엔트 특급 살인,1,9,159,1.2,6083,238,1,3,26.5,179,41,9.0,206,61,267,342,157,499,864757
71,원더 우먼,1,7,209,1.2,5170,376,1,1,10.0,214,36,8.51,219,74,293,822,416,1238,2165407
72,원라인,2,7,398,5.9,14339,1068,0,1,7.0,170,265,9.01,183,35,218,284,71,355,435142
73,위대한 쇼맨,1,4,424,3.8,36053,821,1,4,19.5,179,0,9.61,486,41,527,706,55,761,1403026
74,임금님의 사건수첩,1,10,58,0.5,1833,81,0,1,35.5,228,0,8.62,441,136,577,370,162,532,1635003
75,장산범,2,7,337,4.5,25062,790,0,2,28.0,170,258,8.24,296,124,420,550,375,925,1306438
76,재심,2,8,152,0.8,2575,226,0,4,24.5,78,429,9.31,239,31,270,345,92,437,2421197
77,저스티스 리그,1,5,464,4.0,20511,1195,1,3,19.5,214,84,8.05,740,339,1079,802,485,1287,1786388
78,조작된 도시,2,7,258,1.7,18446,409,0,4,11.0,228,0,8.92,591,114,705,884,303,1187,2515501
79,지오스톰,1,4,572,5.2,36023,1584,1,3,22.5,214,22,8.37,90,32,122,418,205,623,1028386
80,청년경찰,2,5,509,5.5,21507,1701,0,2,9.0,315,33,8.77,1151,278,1429,1165,249,1414,5653444
81,침묵,2,7,410,3.8,11184,904,0,3,20.5,228,513,8.79,257,62,319,245,125,370,494097
82,컨택트,1,6,399,3.9,16178,949,1,4,19.5,195,53,7.73,940,526,1466,355,131,486,634150
83,콩: 스컬 아일랜드,1,5,386,1.6,5696,783,1,1,41.5,214,94,8.44,529,176,705,292,193,485,1689079
84,킬러의 보디가드,2,9,114,0.5,8312,187,1,2,52.0,92,0,9.36,141,22,163,181,62,243,1721824
85,킹 아서: 제왕의 검,1,7,323,1.1,4495,543,1,1,22.5,214,21,8.52,260,87,347,140,47,187,415714
86,킹스맨: 골든 서클,3,5,302,2.6,8586,553,1,3,41.5,179,584,8.98,547,120,667,1267,442,1709,4945486
87,택시운전사,2,6,298,2.3,6474,502,0,2,25.5,224,539,8.5,2862,676,3538,4125,825,4950,12189195
88,토르: 라그나로크,1,9,225,1.3,6856,370,1,3,23.0,29,81,9.4,467,52,519,1293,479,1772,4858572
89,트랜스포머: 최후의 기사,1,9,293,1.3,4360,615,1,2,40.0,315,69,8.1,842,384,1226,1915,820,2735,2614234
90,트리플 엑스 리턴즈,2,8,311,1.7,6815,640,1,4,47.0,315,29,9.31,286,37,323,162,63,225,475309
91,특별시민,2,5,597,5.8,72290,1849,0,1,24.5,224,18,8.61,413,104,517,494,342,836,1362634
99,판도라,1,10,335,2.2,12620,685,0,4,8.0,170,622,8.13,515,217,732,713,219,932,4584893
100,패신저스,1,7,436,4.2,17473,1343,1,4,15.5,195,0,8.94,154,34,188,388,143,531,668977
101,프리즌,3,4,451,5.5,17603,1573,0,1,20.0,224,406,9.08,1183,306,1489,365,260,625,2931897
102,플립,1,7,113,0.5,7187,250,1,2,2.5,163,13,9.44,3408,468,3876,62,13,75,355767
103,하루,2,8,120,0.2,1124,156,0,2,13.5,78,731,8.09,169,69,238,324,121,445,1129609
104,해빙,2,6,243,1.2,3571,585,0,1,33.0,315,419,9.16,152,24,176,1278,1428,2706,1204600
105,해피 데스데이,2,8,289,1.7,8752,598,1,3,1.5,195,4,9.21,160,23,183,222,67,289,1382650
106,혹성탈출: 종의 전쟁,1,9,242,2.0,10861,413,1,2,28.0,179,4,9.13,424,84,508,1034,662,1696,2051351
107,히든 피겨스,1,10,52,0.4,1729,71,1,1,9.0,179,1,9.45,328,47,375,106,5,111,449518
108,가려진 시간,1,4,632,5.9,19310,1860,0,3,12.0,224,0,9.2,342,54,396,345,77,422,511369
109,갓 오브 이집트,1,6,355,5.0,8304,960,1,1,18.0,61,7,8.18,91,36,127,256,107,363,910345
110,거울나라의 앨리스,1,5,371,3.5,34427,758,1,3,35.0,33,23,9.16,432,91,523,61,25,86,513202
111,검사외전,2,7,322,3.4,10262,644,0,4,29.0,224,89,9.01,631,110,741,953,371,1324,9707119
112,계춘할망,2,7,241,1.0,5402,392,0,1,18.0,3,419,9.01,383,82,465,155,49,204,482784
113,"고산자, 대동여지도",0,4,508,7.3,71682,1650,0,3,27.0,228,345,8.03,347,140,487,237,84,321,974262
114,고스트버스터즈,1,5,414,7.2,37344,1185,1,2,9.0,195,0,8.12,244,94,338,179,82,261,515553
115,곡성,2,10,136,1.1,4256,199,0,1,28.0,179,521,8.85,666,144,810,2022,1359,3381,6879989
116,구스범스,1,9,188,1.6,5113,358,1,4,14.0,195,9,8.65,524,244,768,154,39,193,305131
117,국가대표 2,1,9,214,1.6,6624,428,0,2,35.0,56,81,8.96,1411,329,1740,574,112,686,710117
118,굿바이 싱글,2,8,165,0.3,3600,299,0,2,35.0,224,527,9.39,1108,199,1307,325,147,472,2108561
119,귀향,2,8,238,2.3,5412,368,0,4,3.0,4,244,7.93,52,21,73,17,3,20,14495
120,그날의 분위기,2,5,313,5.0,16109,838,0,4,13.0,224,233,8.32,212,72,284,201,109,310,653226
121,나를 잊지 말아요,2,9,278,1.5,6047,600,0,4,25.0,228,0,8.34,176,59,235,339,290,629,427113
122,나우 유 씨 미 2,1,4,324,2.6,38154,761,1,2,25.5,315,0,8.81,986,308,1294,743,241,984,3100113
123,"날, 보러와요",3,6,237,0.8,6783,439,0,1,8.5,56,18891,8.16,85,31,116,92,62,154,1063286
124,널 기다리며,3,8,251,1.2,3870,480,0,1,30.0,170,0,9.38,661,78,739,246,66,312,635177
125,닥터 스트레인지,1,7,142,1.0,5851,238,1,3,20.5,33,102,9.29,701,119,820,1674,507,2181,5447269
126,"당신, 거기 있어줄래요",1,6,335,2.7,20951,670,0,4,19.0,315,1,9.48,1616,188,1804,369,86,455,1168782
134,대호,1,7,340,2.5,37237,652,0,4,30.0,170,309,8.28,395,158,553,394,200,594,1762733
135,덕혜옹주,1,9,259,0.6,2379,391,0,2,26.0,315,490,8.23,1367,485,1852,1019,288,1307,5599995
136,데드풀,3,10,200,2.8,4349,412,1,4,32.0,179,55,9.25,1124,236,1360,889,282,1171,3317184
137,동주,1,9,118,0.8,3058,186,0,4,7.5,56,234,9.28,210,30,240,344,18,362,1175875
138,라이트 아웃,2,6,279,1.6,5743,512,1,2,10.0,214,4,8.3,134,76,210,124,89,213,1111284
139,럭키,2,6,345,2.3,7507,593,0,3,29.0,224,367,9.35,1800,344,2144,636,187,823,6975571
140,런던 해즈 폴른,2,5,366,1.5,4862,701,1,1,26.5,56,20,8.27,117,48,165,91,30,121,731584
141,레버넌트: 죽음에서 돌아온 자,2,4,327,0.9,5720,675,1,4,21.0,179,0,8.61,690,254,944,454,198,652,2007649
142,레전드 오브 타잔,1,8,149,0.8,3465,301,1,2,40.5,214,17,8.57,79,26,105,217,152,369,858406
143,"로봇, 소리",1,3,316,0.9,7058,784,0,4,26.5,315,2115,9.18,718,103,821,419,80,499,476653
144,매그니피센트 7,2,2,564,11.6,112370,2329,1,3,21.5,195,300,8.98,301,78,379,391,216,607,921317
145,맨 인 더 다크,3,4,330,2.4,7640,764,1,3,3.0,195,0,8.93,405,133,538,155,83,238,1003406
146,메카닉: 리크루트,2,5,192,2.0,7108,653,1,2,31.5,25,15,9.24,89,16,105,98,69,167,551897
147,미 비포 유,1,9,131,1.4,5748,264,1,2,5.5,214,12,9.57,308,41,349,127,30,157,945172
148,미스 페레그린과 이상한 아이들의 집,1,6,178,0.5,4016,284,1,3,13.0,179,0,9.55,138,13,151,362,108,470,2718160
149,미씽: 사라진 여자,2,6,301,2.3,9815,727,0,3,21.5,56,0,9.29,425,71,496,431,169,600,1153201
150,밀정,2,6,416,4.6,14219,1151,0,3,23.5,214,555,8.75,349,93,442,621,374,995,7500457
151,배트맨 대 슈퍼맨: 저스티스의 시작,1,8,280,2.5,16800,545,1,1,21.5,214,0,8.47,824,304,1128,939,1030,1969,2256691
152,벤허,1,7,218,1.3,4221,381,1,3,29.0,315,64,8.12,149,74,223,263,87,350,1400397
153,봉이 김선달,1,3,410,1.7,18615,1039,0,2,20.5,228,312,8.83,719,144,863,772,277,1049,2051386
154,부산행,2,8,302,3.1,14523,617,0,2,22.0,170,647,8.23,3300,1846,5146,2920,1530,4450,11566874
155,브리짓 존스의 베이비,2,6,180,1.2,4026,318,1,3,32.0,195,0,8.72,512,122,634,286,41,327,820995
156,빅쇼트,3,6,184,0.7,4424,363,1,4,24.5,315,19,8.96,82,22,104,137,37,174,447220
157,사냥,2,5,383,2.6,10613,1042,0,2,72.0,315,327,8.35,278,115,393,610,894,1504,645834
158,설리: 허드슨강의 기적,1,9,214,1.2,4400,401,1,3,40.0,214,0,9.42,234,43,277,144,34,178,627424
159,셜록: 유령신부,1,8,225,1.6,6440,436,1,4,18.0,56,38,9.66,289,19,308,756,838,1594,1278885
160,수어사이드 스쿼드,2,9,130,1.0,6462,221,1,2,15.0,214,75,7.67,727,365,1092,1087,1416,2503,1898220
168,스타워즈: 깨어난 포스,1,5,472,7.5,96874,1540,1,4,2.5,33,0,9.02,501,108,609,605,321,926,3273873
169,스타트렉 비욘드,1,6,338,3.8,18847,764,1,2,19.0,315,249,9.3,488,85,573,156,64,220,1157472
170,스포트라이트,2,10,155,1.5,3365,279,1,4,25.0,163,57,9.31,78,11,89,68,20,88,301125
171,스플릿,2,5,442,3.8,12383,993,0,3,13.5,23,404,9.48,348,45,393,187,28,215,758195
172,시간이탈자,2,5,233,1.3,7821,483,0,1,13.0,228,239,8.94,309,66,375,409,249,658,1202168
173,신비한 동물사전,1,9,63,0.4,2388,89,1,3,26.0,214,0,9.24,195,25,220,387,645,1032,2414064
174,아가씨,3,10,191,1.4,5693,346,0,2,12.5,228,830,7.93,297,141,438,931,628,1559,4288825
175,아수라,3,8,376,1.8,6462,827,0,3,35.0,228,872,8.31,506,185,691,1286,2380,3666,2594545
176,엑스맨: 아포칼립스,1,10,96,0.5,1897,145,1,1,25.5,179,72,9.1,631,124,755,1160,517,1677,2938771
177,오빠생각,1,5,369,0.8,5495,791,0,4,8.0,170,321,9.06,577,102,679,499,100,599,1069962
178,워크래프트: 전쟁의 서막,1,9,231,1.9,6952,417,1,2,8.5,195,0,9.23,1390,176,1566,979,306,1285,1163223
179,위대한 소원,2,3,380,1.1,9671,735,0,1,19.5,170,0,8.93,285,49,334,64,16,80,308457
180,위자: 저주의 시작,1,10,184,0.6,2061,307,1,3,2.5,195,5,8.24,32,13,45,103,32,135,331886
181,인디펜던스 데이 : 리써전스,1,7,286,2.1,8724,611,1,2,16.0,179,41,9.23,621,82,703,702,626,1328,1500744
182,인천상륙작전,1,9,290,2.5,12085,574,0,2,37.0,228,488,7.57,1290,773,2063,3181,1448,4629,7050475
183,인페르노,2,4,400,2.6,20072,999,1,3,26.5,195,17,8.95,82,19,101,211,78,289,689071
184,잭 리처: 네버 고 백,2,6,387,3.8,13960,868,1,3,22.0,315,39,8.79,132,45,177,208,111,319,612328
185,정글북,1,7,393,3.6,20171,853,1,2,12.0,33,58,9.53,247,24,271,242,99,341,2537438
186,제이슨 본,2,8,180,1.6,14948,364,1,2,30.5,195,404,9.78,619,25,644,1821,529,2350,2611969
187,좋아해줘,1,10,127,1.3,3581,233,0,4,15.0,228,5,9.19,321,41,362,273,67,340,848117
188,캡틴 아메리카: 시빌 워,1,6,267,1.5,8537,445,1,1,29.0,33,171,9.46,1043,99,1142,2747,752,3499,8678117
189,컨저링 2,2,6,192,2.3,9160,346,1,2,17.0,214,94,8.95,149,27,176,190,91,281,1928605
190,클로버필드 10번지,2,6,364,3.3,21453,994,1,1,24.0,315,9,8.81,288,111,399,274,136,410,357736
191,탐정 홍길동: 사라진 마을,2,9,136,0.7,4038,215,0,1,20.5,228,0,8.47,256,78,334,363,129,492,1430885
192,터널,1,4,413,2.2,8528,958,0,2,28.0,224,496,8.28,393,152,545,954,398,1352,7120780
193,특별수사: 사형수의 편지,2,6,402,4.0,22387,1035,0,2,30.5,170,0,8.85,293,80,373,313,66,379,1243065
194,포인트 브레이크,2,10,233,1.5,5923,583,1,4,6.0,61,26,8.97,185,39,224,148,61,209,295096
195,해어화,2,9,23,0.1,945,28,0,1,16.0,315,358,6.08,1005,1060,2065,349,206,555,485695
196,헌츠맨: 윈터스 워,1,6,372,6.0,10311,1323,1,1,24.0,195,0,8.05,108,47,155,252,165,417,444927
197,형,1,8,117,0.4,2599,175,0,3,9.5,228,802,9.32,734,85,819,352,87,439,2982320
198,혼숨,2,3,421,4.6,32837,943,0,3,18.0,1,16,6.86,67,48,115,155,106,261,288016
206,히말라야,1,6,365,4.4,14107,768,0,4,36.5,228,506,8.18,389,159,548,537,236,773,7759711
207,007 스펙터,2,7,252,3.1,15097,478,1,3,21.0,195,122,9.25,220,33,253,264,248,512,1820839
208,간신,3,10,114,0.3,1425,160,0,1,17.0,315,368,8.31,391,185,576,355,137,492,1110274
209,강남 1970,3,7,243,2.5,8256,568,0,4,11.5,224,566,9.32,1186,131,1317,504,202,706,2192276
210,검은 사제들,2,9,49,0.2,1149,74,0,3,25.5,228,3,8.48,385,132,517,794,256,1050,5443049
211,경성학교: 사라진 소녀들,2,8,268,1.2,5091,542,0,2,18.5,315,0,8.84,182,43,225,318,212,530,356436
219,국제시장,1,5,383,5.5,30088,1020,0,4,26.5,228,122,8.76,1015,214,1229,720,88,808,14262922
220,그놈이다,2,9,219,0.8,3051,381,0,3,27.0,78,0,9.31,219,30,249,294,168,462,1046313
221,극비수사,2,7,236,2.4,13091,542,0,2,41.5,224,60,8.74,190,45,235,244,168,412,2860786
222,극적인 하룻밤,3,7,329,3.9,11102,906,0,4,22.0,78,213,8.61,76,19,95,108,38,146,321641
230,기술자들,2,6,335,5.3,24046,955,0,4,10.5,315,325,8.84,810,168,978,303,297,600,2564340
231,내 심장을 쏴라,2,7,264,2.0,6182,585,0,4,10.0,1,0,9.18,366,53,419,191,76,267,387408
232,내부자들,3,5,374,6.4,46414,1055,0,3,28.5,224,533,7.77,920,391,1311,1003,184,1187,7072501
233,더 폰,2,8,199,0.9,4724,395,0,3,17.5,170,0,9.25,448,76,524,263,124,387,1596762
234,도리화가,1,8,224,1.8,6976,381,0,3,16.0,228,391,7.81,693,283,976,595,359,954,317505
235,런 올 나이트,3,9,163,0.6,2144,335,1,1,31.0,214,1,9.04,101,25,126,53,19,72,289534
236,마션,1,8,90,0.4,2039,133,1,3,31.5,179,111,9.6,567,50,617,489,157,646,4881865
237,메이즈 러너: 스코치 트라이얼,1,7,161,1.8,11081,273,1,3,4.0,179,208,9.38,751,96,847,348,137,485,2744422
238,무뢰한,3,9,93,0.5,1994,219,0,1,17.5,78,650,9.53,181,19,200,202,88,290,414663
239,미션 임파서블: 로그네이션,2,7,234,3.0,12044,544,1,2,28.0,315,0,9.59,369,25,394,621,214,835,6126488
240,미쓰 와이프,2,10,126,0.9,2695,237,0,2,17.0,56,361,8.56,453,153,606,133,44,177,988451
241,박물관이 살아있다 : 비밀의 무덤,0,7,283,3.5,15538,612,1,4,36.5,179,0,9.4,146,21,167,66,32,98,1101768
242,백 투 더 비기닝,2,10,241,1.2,3043,502,1,4,2.5,315,0,7.99,87,49,136,177,94,271,266610
243,베테랑,2,8,102,0.6,3703,162,0,2,25.5,228,471,8.89,569,117,686,887,181,1068,13414200
244,분노의 질주: 더 세븐,2,5,253,2.4,12026,586,1,1,20.5,195,0,9.71,693,35,728,297,24,321,3248904
245,뷰티 인사이드,1,6,143,0.7,3162,245,0,2,14.5,170,603,5.65,1214,1449,2663,275,234,509,2057996
246,사도,1,7,102,1.0,3557,173,0,3,24.0,224,724,8.67,445,112,557,592,286,878,6247651
247,살인의뢰,3,10,96,0.3,1088,181,0,1,19.0,44,205,8.61,195,64,259,184,156,340,855988
248,샌 안드레아스,1,6,177,1.5,7258,433,1,2,27.0,214,63,8.84,201,65,266,211,89,300,1716455
249,서부전선,1,9,100,0.4,2452,134,0,3,25.0,315,53,8.12,837,265,1102,392,266,658,609063
250,성난 변호사,2,6,333,2.9,9098,785,0,3,20.5,228,2,7.91,166,86,252,132,56,188,1131154
251,소수의견,2,10,44,0.3,1403,63,0,2,34.0,0,67,6.95,730,414,1144,276,109,385,383582
252,손님,2,6,367,4.9,19837,1201,0,2,26.5,228,173,8.44,196,63,259,420,361,781,828029
253,순수의 시대,3,7,344,2.9,8513,901,0,1,19.0,228,2,8.89,236,56,292,222,159,381,470308
254,스물,2,9,63,0.3,1445,88,0,1,15.5,170,500,9.04,702,111,813,416,167,583,3044859
262,스파이,2,9,71,0.5,2460,120,1,1,41.0,228,379,9.38,422,81,503,130,45,175,2318748
263,스파이 브릿지,1,7,216,1.1,4382,362,1,3,23.0,179,11,9.28,166,30,196,61,17,78,266493
264,신데렐라,0,5,293,2.6,9266,722,1,1,5.0,33,97,9.02,135,34,169,69,25,94,716491
265,쎄시봉,2,10,279,2.5,11191,541,0,4,33.0,228,555,2.95,1571,6403,7974,354,558,912,1715370
266,아메리칸 스나이퍼,3,9,147,1.6,7666,290,1,4,16.5,214,11,9.14,80,20,100,65,21,86,345782
267,악의 연대기,2,6,188,0.8,3280,401,0,1,25.0,228,49,8.45,172,63,235,240,115,355,2192525
268,암살,2,7,138,0.6,2918,204,0,2,22.0,224,1840,8.3,675,236,911,1248,285,1533,12706663
269,앤트맨,1,9,154,1.1,4369,269,1,3,14.0,29,35,7.77,148,55,203,885,367,1252,5448134
270,어벤져스: 에이지 오브 울트론,1,9,119,0.8,2110,223,1,1,27.0,33,654,9.52,2660,209,2869,1272,601,1873,10494840
271,에베레스트,1,6,326,7.4,25680,1321,1,3,19.0,195,155,9.09,82,22,104,58,42,100,333038
272,연평해전,1,7,118,0.4,5437,172,0,2,10.0,170,149,9.45,4879,368,5247,2261,305,2566,6044956
273,열정같은소리하고있네,2,6,281,3.3,11457,574,0,3,9.0,170,388,9.24,389,52,441,249,125,374,654407
274,오늘의 연애,2,8,183,2.0,5912,433,0,4,4.5,228,632,9.28,860,97,957,456,242,698,1892125
275,오피스,2,7,328,4.2,10794,959,0,3,27.0,63,414,8.19,167,91,258,78,97,175,441208
276,위험한 상견례 2,2,8,148,0.9,3374,297,0,1,7.0,47,39,8.87,305,59,364,81,42,123,472695
277,이미테이션 게임,2,6,5,1.2,8000,28,1,4,22.5,56,91,9.0,353,89,442,213,33,246,1744213
278,인서전트,2,6,316,1.7,5910,919,1,1,7.5,315,2,8.9,194,43,237,87,50,137,282707
279,인시디어스 3,2,5,294,2.3,15714,766,1,2,11.0,195,29,8.61,137,41,178,99,41,140,825517
280,인턴,1,9,48,0.3,1589,74,1,3,47.5,214,524,9.54,127,13,140,148,36,184,3611166
281,장수상회,1,9,16,0.4,1571,22,0,1,45.5,228,454,9.23,761,93,854,155,23,178,1166229
282,조선명탐정 : 사라진 놉의 딸,1,6,356,3.8,9960,1097,0,4,39.0,224,0,8.45,222,89,311,118,69,187,3872015
283,주피터 어센딩,1,10,277,1.1,3757,590,1,4,20.5,214,2,8.32,118,51,169,134,122,256,309842
284,차이나타운,3,7,145,0.7,2286,317,0,1,20.5,78,546,8.32,142,51,193,200,159,359,1472147
285,채피,2,9,134,0.6,2112,224,1,1,17.5,195,47,8.84,207,47,254,291,85,376,573661
286,치외법권,2,10,195,0.7,3274,335,0,2,17.5,88,151,8.38,215,67,282,219,162,381,346483
287,킹스맨 : 시크릿 에이전트,3,5,255,3.2,7320,522,1,4,23.5,179,40,9.32,141,27,168,312,59,371,6129651
288,탐정 : 더 비기닝,2,8,139,0.8,3028,236,0,3,25.0,228,0,8.43,279,107,386,149,67,216,2625686
289,터미네이터 제니시스,2,7,283,1.2,8618,627,1,2,20.0,315,459,7.35,818,476,1294,658,338,996,3240378
290,테이큰 3,2,7,321,3.5,17697,828,1,4,34.0,179,27,8.9,333,89,422,522,282,804,2006564
291,투모로우랜드,1,10,200,0.8,2126,372,1,1,19.5,33,17,9.02,109,22,131,49,55,104,265810
292,특종: 량첸살인기,2,5,436,6.6,24740,1568,0,3,16.0,315,0,8.48,193,84,277,271,125,396,616481
293,판타스틱 4,1,9,243,1.1,4840,513,1,2,9.5,179,53,8.06,1128,370,1498,98,253,351,399610
294,패딩턴,0,10,187,1.2,7068,299,1,4,21.0,1,26,9.64,90,9,99,51,7,58,339014
295,픽셀,1,6,356,2.1,15224,905,1,2,20.5,195,39,8.98,199,35,234,347,151,498,681920
296,하트 오브 더 씨,1,7,100,0.4,1938,151,1,4,17.5,214,0,8.97,101,28,129,129,42,171,809841
297,함정,3,5,283,1.0,4052,515,0,3,25.5,33,455,8.1,223,86,309,142,93,235,257996
298,허삼관,1,10,204,1.9,8204,380,0,4,27.5,170,727,9.0,668,118,786,346,112,458,956103
299,헝거게임: 더 파이널,2,9,176,1.8,6199,346,1,3,18.0,315,0,8.65,240,56,296,145,60,205,806737
300,헬머니,3,8,109,0.7,2195,211,0,1,22.5,170,181,7.83,177,90,267,46,38,84,523871
301,협녀 칼의 기억,2,10,223,0.8,5181,367,0,2,29.0,315,1042,6.56,664,579,1243,328,328,656,431310
309,호빗: 다섯 군대 전투,1,9,185,2.1,8793,346,1,4,16.5,214,73,9.61,831,57,888,460,169,629,2836777
310,300: 제국의 부활,3,8,146,0.8,1289,247,1,1,7.5,214,0,8.47,199,77,276,117,139,256,1593116
311,고질라,1,7,317,2.6,8937,1112,1,1,10.0,214,46,7.95,336,127,463,239,277,516,709734
312,관능의 법칙,3,10,146,1.5,4237,257,0,4,30.5,315,0,7.64,129,87,216,54,54,108,781516
313,군도: 민란의 시대,2,6,246,1.6,19006,543,0,2,28.5,224,1,9.28,1537,204,1741,947,1404,2351,4775811
314,끝까지 간다,2,8,79,0.9,3190,154,0,1,40.0,224,0,9.57,908,87,995,198,51,249,3450305
315,나를 찾아줘,3,10,45,0.4,1578,75,1,3,24.0,179,0,9.09,96,21,117,181,37,218,1764233
316,나의 독재자,2,5,304,2.0,7233,710,0,3,36.5,315,0,8.46,654,323,977,237,101,338,386074
317,나의 사랑 나의 신부,2,6,234,1.2,4334,494,0,3,13.0,44,0,9.17,246,39,285,182,37,219,2141155
318,남자가 사랑할 때,2,7,217,3.1,13471,514,0,4,21.5,170,0,9.08,396,63,459,324,72,396,1980120
319,노아,2,8,224,1.8,4452,465,1,1,30.0,228,149,9.3,536,67,603,250,283,533,2026574
320,노예 12년,2,9,115,0.6,2074,177,1,4,20.0,1,138,9.36,699,84,783,75,30,105,499038
321,논스톱,2,7,158,1.1,1906,305,1,4,49.0,170,77,9.45,294,36,330,373,88,461,2084457
322,닌자터틀,1,10,185,0.4,2759,316,1,2,5.5,228,502,8.09,213,96,309,91,59,150,400333
323,다이버전트,2,4,319,2.7,7754,1034,1,1,7.5,315,2,8.55,119,40,159,57,50,107,424086
324,더 울프 오브 월스트리트,3,6,113,1.0,6057,200,1,4,20.0,61,0,9.28,139,21,160,96,54,150,586005
325,두근두근 내 인생,1,8,268,2.7,8223,726,0,3,16.0,228,0,5.62,1542,1602,3144,448,170,618,1624573
326,드라큘라: 전설의 시작,2,8,255,3.1,6495,638,1,3,11.0,195,0,8.73,85,28,113,101,58,159,1321718
327,또 하나의 약속,1,9,162,1.8,7477,395,0,4,32.0,23,0,9.76,3995,128,4123,515,49,564,497994
328,러브 로지,2,6,172,1.1,6447,290,1,4,7.0,170,1264,8.85,89,22,111,59,31,90,296748
329,레드카펫,2,8,91,0.5,1715,163,0,3,12.0,1,1295,8.85,213,44,257,132,26,158,316955
330,로보캅,1,6,378,5.3,21628,1368,1,4,40.0,34,40,8.34,314,144,458,145,133,278,979509
331,루시,3,6,292,3.8,10838,883,1,3,44.0,195,402,7.99,406,204,610,209,268,477,1974843
332,마담 뺑덕,3,8,332,4.9,20405,920,0,3,25.0,228,251,8.02,177,105,282,211,115,326,471248
333,말레피센트,1,6,362,5.5,15511,1331,1,1,24.0,34,53,9.57,154,16,170,152,79,231,1396899
334,메이즈 러너,1,10,129,1.6,4039,266,1,3,4.0,179,19,9.3,414,57,471,961,220,1181,2299751
335,명량,2,10,170,1.5,4548,332,0,2,30.0,228,625,8.64,1324,348,1672,2840,612,3452,17615437
336,방황하는 칼날,3,9,100,0.2,1241,189,0,1,12.0,228,147,9.16,250,40,290,99,55,154,989593
344,변호인,2,10,100,0.6,2834,180,0,4,41.0,170,539,6.08,14882,11765,26647,3324,3848,7172,11374892
345,빅매치,2,10,61,0.2,1531,100,0,3,31.0,170,508,8.77,449,114,563,98,42,140,1177435
346,상의원,2,9,258,1.5,28439,491,0,4,19.0,8,687,8.75,404,120,524,135,103,238,790370
347,소녀괴담,2,10,107,0.4,1778,175,0,2,9.5,63,202,7.47,115,67,182,238,241,479,481707
348,수상한 그녀,2,10,83,0.7,1217,133,0,4,17.5,228,0,9.55,1367,114,1481,427,82,509,8659755
349,숲속으로,0,6,351,4.8,55379,1218,1,4,41.5,33,49,9.6,140,15,155,68,134,202,341882
350,스텝 업: 올 인,1,6,267,5.2,32719,876,1,3,6.0,61,2,9.42,283,32,315,86,42,128,565049
351,슬로우 비디오,1,8,310,4.1,10797,924,0,3,13.0,179,234,9.07,869,124,993,428,97,525,1169546
352,신의 한 수,3,5,131,0.7,7531,344,0,2,37.5,224,0,8.82,388,106,494,450,165,615,3566844
353,안녕 헤이즐,1,6,249,3.9,16140,690,1,2,6.0,179,979,9.39,259,38,297,165,31,196,749146
354,애나벨,2,7,272,4.7,11872,744,1,3,3.0,214,15,8.96,108,17,125,170,123,293,926107
355,어메이징 스파이더맨 2,1,6,298,4.0,14832,862,1,1,13.5,34,247,9.03,566,112,678,353,220,573,4164946
363,어바웃 타임,2,10,105,1.8,7835,245,1,4,14.5,195,33,9.62,271,25,296,179,19,198,3396313
364,엑소더스: 신들과 왕들,1,5,316,1.6,9854,609,1,4,13.5,179,12,9.04,275,45,320,391,156,547,1511845
365,엑스맨: 데이즈 오브 퓨처 패스트,1,4,411,7.3,20366,1596,1,1,26.0,179,113,9.16,565,120,685,761,165,926,4313446
366,엣지 오브 투모로우,1,9,56,0.5,2020,100,1,2,30.5,214,5,9.23,303,61,364,810,208,1018,4697209
367,역린,2,9,119,0.7,2619,184,0,1,7.0,315,747,9.05,1099,182,1281,669,633,1302,3849700
375,용의자,2,8,104,0.6,3634,216,0,4,24.5,224,655,9.28,788,107,895,636,114,750,4131963
376,우는 남자,3,5,409,5.8,15917,1558,0,2,18.0,228,1,8.16,265,112,377,188,315,503,603093
377,우리는 형제입니다,1,10,89,0.3,1982,151,0,3,34.5,224,0,8.38,122,46,168,104,35,139,970377
378,우아한 거짓말,1,10,165,1.3,3414,339,0,1,9.0,78,0,9.58,502,42,544,77,26,103,1619871
379,인간중독,3,9,117,1.1,3347,212,0,1,8.0,170,35,7.81,187,84,271,180,177,357,1441990
380,인투 더 스톰,1,7,258,3.3,9553,820,1,2,5.0,214,1,9.02,322,65,387,252,72,324,2078825
381,잭 라이언 : 코드네임 쉐도우,1,7,222,0.7,4643,421,1,4,20.0,228,1,9.08,89,14,103,201,72,273,327591
382,제보자,1,9,198,1.9,4750,392,0,3,25.0,56,223,8.57,419,134,553,176,53,229,1755181
383,조선미녀삼총사,1,10,203,0.7,3594,373,0,4,16.5,224,486,7.46,734,364,1098,207,182,389,480361
384,좋은 친구들,3,5,293,5.0,17921,1002,0,2,9.0,228,0,7.94,127,65,192,237,95,332,407323
385,주온 : 끝의 시작,2,5,219,1.2,9181,491,1,2,3.5,170,0,8.56,341,201,542,145,122,267,410644
386,찌라시: 위험한 소문,2,6,318,4.1,12004,1054,0,4,12.5,228,0,8.33,153,52,205,181,92,273,1221420
387,카트,1,9,143,1.7,5018,262,0,3,23.5,63,357,9.67,8365,415,8780,564,87,651,814621
388,캡틴 아메리카: 윈터 솔져,2,9,47,0.6,1262,105,1,1,27.0,34,213,9.34,369,44,413,530,84,614,3963964
389,타짜-신의 손,3,9,73,2.2,9607,81,0,3,8.0,127,0,4.38,1052,2393,3445,476,699,1175,4015364
390,트랜센던스,1,10,106,0.6,2057,167,1,1,28.5,315,10,8.91,284,73,357,148,98,246,696412
391,트랜스포머: 사라진 시대,1,6,137,0.5,3719,245,1,2,18.0,228,0,6.19,1654,1882,3536,542,772,1314,5295929
392,패션왕,2,6,158,0.6,3315,259,0,3,3.0,170,336,6.45,1041,1181,2222,196,230,426,594876
393,폼페이: 최후의 날,2,8,168,1.2,3068,332,1,4,9.0,315,60,8.71,124,41,165,149,104,253,1373888
394,표적,2,10,118,0.5,2023,212,0,1,28.0,228,221,9.15,217,30,247,232,144,376,2841884
395,퓨리,2,7,264,3.3,9910,566,1,3,23.0,34,268,9.21,226,35,261,197,79,276,1362105
396,프랑켄슈타인: 불멸의 영웅,1,4,355,8.6,43029,1730,1,4,20.0,224,0,7.71,76,50,126,42,76,118,299205
397,플랜맨,2,5,329,5.1,22978,1133,0,4,5.5,315,322,9.09,438,69,507,169,36,205,635744
398,피끓는 청춘,2,7,280,2.3,11876,783,0,4,11.5,315,691,9.38,1151,134,1285,400,194,594,1676040
399,하이힐,3,7,331,4.4,12611,1141,0,2,45.0,315,714,8.63,204,70,274,0,0,0,343487
400,해무(海霧),3,7,240,2.2,9402,567,0,2,17.5,170,7,9.01,1273,198,1471,798,454,1252,1475091
401,해적: 바다로 간 산적,1,5,317,4.0,11752,852,0,2,18.0,315,0,8.11,1170,487,1657,878,356,1234,8666208
402,헝거게임: 모킹제이,2,9,199,1.6,4682,335,1,3,18.0,315,2,9.42,404,35,439,494,208,702,854407
410,호빗: 스마우그의 폐허,1,8,174,2.4,26079,385,1,4,16.5,214,0,9.72,963,40,1003,340,69,409,2282807
411,혹성탈출: 반격의 서막,1,6,160,1.1,13455,356,1,2,27.5,179,0,8.88,295,60,355,576,123,699,4002539
412,황제를 위하여,3,10,136,0.6,1836,240,0,2,28.0,1,0,8.66,236,70,306,73,109,182,591502
413,7번방의 선물,2,9,90,0.9,2045,216,0,4,20.5,170,3,9.53,710,52,762,953,41,994,12811435
414,감기,2,9,79,0.3,1524,162,0,2,9.5,6,821,7.83,1336,683,2019,635,283,918,3117859
415,감시자들,2,6,243,1.6,19586,611,0,2,37.5,170,684,8.34,839,248,1087,286,167,453,5508359
416,결혼전야,2,8,148,0.6,2681,246,0,3,12.0,46,470,8.86,313,84,397,113,35,148,1214839
417,고령화 가족,2,5,291,4.3,12286,958,0,1,36.5,228,22,8.81,237,58,295,89,49,138,1141222
418,공범,2,7,188,1.2,7118,460,0,3,17.0,228,426,9.0,280,49,329,97,89,186,1766285
419,관상,2,7,98,1.3,3620,227,0,3,33.0,224,578,9.51,1467,111,1578,666,328,994,9135806
420,깡철이,2,8,123,0.9,2686,298,0,3,29.0,228,464,9.06,578,85,663,336,128,464,1209363
421,나우 유 씨 미 : 마술사기단,1,8,78,0.6,3642,146,1,2,25.5,315,0,9.38,343,44,387,588,150,738,2718237
422,남자사용설명서,2,9,161,1.9,8994,368,0,4,36.0,224,325,8.91,932,174,1106,511,70,581,507913
423,남쪽으로 튀어,2,6,238,3.5,19859,866,0,4,19.0,315,0,8.73,291,79,370,162,97,259,832894
424,노브레싱,2,9,72,0.5,3563,112,0,3,3.5,61,555,9.11,1965,263,2228,588,152,740,451669
425,다이하드: 굿 데이 투 다이,2,9,166,1.5,7497,446,1,4,35.5,179,4,8.49,279,103,382,63,82,145,1438056
426,더 울버린,2,7,279,1.5,18704,759,1,2,26.0,179,0,7.75,379,232,611,411,403,814,1075333
427,더 웹툰: 예고살인,2,10,43,0.3,1595,87,0,2,6.0,228,1,8.6,347,106,453,107,69,176,1201033
428,더 임파서블,1,10,119,0.7,4419,415,1,4,45.5,315,0,8.07,201,106,307,121,67,188,625192
429,더 테러 라이브,2,7,190,2.7,12417,591,0,2,58.0,315,5,7.64,1364,687,2051,697,218,915,5584139
430,더 파이브,3,8,214,2.3,6617,548,0,3,6.0,228,3,9.02,447,89,536,134,80,214,731212
431,동창생,2,8,130,1.1,4784,245,0,3,18.0,224,29,9.41,2270,188,2458,386,164,550,1048280
432,런닝맨,2,9,82,0.4,3655,208,0,1,19.0,179,187,9.17,669,102,771,135,64,199,1422844
433,레드: 더 레전드,2,5,362,4.3,52168,1363,1,2,51.5,315,0,8.79,302,72,374,224,112,336,3004649
434,론 레인저,2,7,89,0.6,2566,179,1,2,27.5,34,87,8.78,157,48,205,73,66,139,388235
435,롤러코스터,2,8,165,1.3,4577,422,0,3,14.5,228,750,8.94,280,62,342,332,103,435,270156
436,맨 오브 스틸,1,7,61,0.4,1872,127,1,2,14.5,214,5,9.33,845,101,946,897,314,1211,2182227
437,몽타주,2,9,54,0.3,1292,123,0,1,17.5,170,158,8.79,209,49,258,189,40,229,2095592
438,무서운 이야기 2,2,4,270,2.2,8638,799,0,2,6.5,315,0,8.76,600,143,743,331,177,508,495535
439,미나문방구,0,7,244,2.2,6275,735,0,1,12.0,315,153,7.63,2078,1060,3138,137,73,210,334323
440,미스터 고,1,8,133,1.0,12966,268,0,2,18.0,224,478,8.52,4512,1103,5615,888,326,1214,1329061
441,박수건달,2,6,105,0.9,4731,284,0,4,20.0,224,285,8.98,652,170,822,339,75,414,3897969
442,밤의 여왕,2,9,126,0.8,2950,270,0,3,13.5,33,0,8.99,314,68,382,44,34,78,252475
443,베를린,2,8,121,1.6,4705,318,0,4,30.5,228,637,8.83,971,252,1223,1106,531,1637,7166532
444,분노의 질주: 더 맥시멈,2,5,120,1.0,3921,292,1,1,24.5,195,0,9.68,488,25,513,262,32,294,1790491
445,사이코메트리,3,5,290,6.9,19178,1177,0,1,12.0,228,113,9.42,548,62,610,125,61,186,534273
446,섀도우 헌터스: 뼈의 도시,2,6,184,1.6,4411,468,1,3,6.0,315,0,8.05,164,74,238,92,56,148,571074
447,설국열차,2,9,102,0.5,3451,202,0,2,27.0,228,161,8.17,2919,1349,4268,2802,2174,4976,9350351
448,소원,1,7,149,1.3,4759,319,0,3,31.0,315,440,9.45,2604,218,2822,386,44,430,2711094
449,숨바꼭질,2,9,115,0.6,2732,272,0,2,19.0,170,668,9.11,574,108,682,633,220,853,5604106
450,스타트렉 다크니스,1,7,29,0.4,1753,78,1,1,12.5,228,64,9.42,559,77,636,328,56,384,1607555
451,스토커,3,8,198,3.1,7391,500,1,4,13.0,179,302,8.54,295,94,389,174,172,346,379241
452,신세계,3,8,84,0.8,2070,179,0,4,31.0,170,406,8.99,476,104,580,389,105,494,4682614
453,아이언맨 3,1,6,266,3.4,10872,720,1,1,35.5,34,255,9.67,2659,135,2794,931,299,1230,9001679
454,애프터 어스,1,7,293,1.8,13343,892,1,1,12.5,34,203,8.35,185,74,259,335,214,549,537920
455,엘리시움,3,5,273,2.0,9293,978,1,2,32.0,34,284,9.01,329,62,391,145,210,355,1207732
456,연애의 온도,3,8,156,2.1,3960,432,0,1,14.5,315,325,8.62,354,90,444,296,163,459,1865354
457,열한시,2,7,212,1.3,5863,440,0,3,3.5,228,333,8.43,202,57,259,178,121,299,870785
458,오블리비언,2,5,131,1.0,8342,267,1,1,46.0,195,46,9.3,390,52,442,388,161,549,1515356
459,오즈 그레이트 앤드 파워풀,0,7,243,2.2,5054,558,1,1,31.5,34,16,9.05,116,27,143,60,35,95,350563
460,월드 워 Z,2,8,144,1.6,7716,337,1,2,19.0,315,26,9.29,859,139,998,521,313,834,5237525
461,웜 바디스,2,5,272,4.5,13285,1014,1,1,13.0,228,17,9.54,789,82,871,340,73,413,1169839
462,위대한 개츠비,2,6,46,0.6,2564,91,1,1,16.5,214,0,9.26,212,27,239,142,71,213,1445217
463,은밀하게 위대하게,2,6,82,0.7,2822,170,0,2,6.0,224,0,9.59,11689,711,12400,2570,755,3325,6959083
464,이스케이프 플랜,3,7,195,1.4,6339,393,1,4,31.5,88,17,8.85,82,30,112,66,19,85,292893
465,인시디어스: 두번째 집,2,9,81,0.8,4049,186,1,4,11.5,34,0,8.69,183,45,228,56,43,99,577758
466,장고:분노의 추적자,3,8,201,1.9,5449,431,1,1,18.0,34,0,8.23,291,158,449,130,62,192,260405
467,잭 더 자이언트 킬러,1,10,152,0.9,2464,327,1,4,34.0,214,0,9.46,123,15,138,177,76,253,956154
468,잭 리처,2,5,339,6.3,29107,1219,1,4,25.5,228,268,9.14,195,31,226,126,107,233,784031
469,전국노래자랑,1,9,99,1.0,2891,204,0,1,27.5,315,407,8.61,660,166,826,328,117,445,978413
470,전설의 주먹,3,5,179,1.8,4590,443,0,1,31.5,228,0,8.29,447,183,630,198,77,275,1744585
471,지.아이.조 2,2,9,200,1.8,3569,513,1,1,51.5,228,492,8.79,465,123,588,221,163,384,1855917
472,집으로 가는 길,2,10,150,1.5,16278,326,0,4,16.5,228,0,7.47,833,336,1169,162,66,228,1854711
473,차이니즈 조디악,1,10,180,1.8,4286,513,1,4,9.5,315,0,7.47,333,215,548,52,34,86,315314
474,친구 2,3,10,92,0.6,2597,190,0,3,23.5,315,652,7.54,1431,711,2142,272,367,639,2971475
475,캐치미,1,6,327,2.4,27361,890,0,4,5.0,315,374,9.36,701,69,770,90,30,120,494126
476,클라우드 아틀라스,3,8,242,2.3,10584,545,1,4,33.5,170,221,8.04,883,374,1257,311,151,462,453102
477,토르: 다크 월드,1,9,165,2.0,6238,343,1,3,21.0,34,142,9.47,596,56,652,221,60,281,3040115
478,파파로티,2,6,201,2.4,7099,497,0,1,21.0,224,380,9.28,573,94,667,217,44,261,1716438
479,퍼시 잭슨과 괴물의 바다,1,8,192,1.1,3042,388,1,3,11.0,179,0,8.66,404,113,517,103,27,130,519584
480,퍼시픽 림,1,10,55,0.6,4230,128,1,2,17.5,214,59,8.55,693,222,915,533,458,991,2539115
481,헝거게임: 캣칭 파이어,2,9,94,0.5,2500,133,1,3,18.0,315,56,9.15,405,59,464,165,58,223,1127373
482,화이: 괴물을 삼킨 아이,3,9,69,0.7,2398,167,0,3,19.0,224,0,9.23,598,79,677,390,175,565,2394487
483,화이트 하우스 다운,2,6,287,3.1,14276,925,1,2,24.0,34,22,8.47,118,49,167,74,59,133,569500
