,movies,rank,audiCnt,showCnt,NationAtt,RatingAtt,openDt_season,openDt_peak,grade,p_breviews,n_breviews,breviews,p_reviews,n_reviews,reviews,audience_cnt
0,황금 나침반,1,161052,1682,1,3,3,1.0,9.01,245,63,308,34,49,83,2906958
1,내셔널 트레져:비밀의 책,2,123779,1168,1,0,3,1.0,9.06,124,33,157,54,11,65,1745669
2,기다리다 미쳐,3,73572,1553,0,1,3,1.0,8.48,0,0,0,26,24,50,441337
3,색즉시공 시즌2,4,61740,811,0,2,3,1.0,6.58,104,92,196,15,17,32,2002423
4,P.S. 아이 러브 유,6,49842,1061,1,1,3,1.0,9.93,27,1,28,15,6,21,315558
5,어거스트 러쉬,9,47398,476,1,3,2,2.0,9.38,434,70,504,0,0,0,2227459
6,꿀벌대소동,1,52845,1089,1,3,3,1.0,9.02,129,27,156,22,5,27,1238064
7,우리 생애 최고의 순간,1,108071,2042,0,3,3,1.0,9.3,454,67,521,145,31,176,4018872
8,무방비도시,2,81244,1774,0,1,3,1.0,10.0,4,0,4,81,61,142,1600856
9,미스트,3,38391,1100,1,1,3,1.0,8.83,111,30,141,49,78,127,521299
10,마법에 걸린 사랑,5,24385,1425,1,3,3,1.0,9.49,106,12,118,25,10,35,440718
11,스위니 토드 : 어느 잔혹한 이발사 이야기,2,56221,1360,1,2,3,1.0,9.76,304,17,321,65,39,104,698306
12,뜨거운 것이 좋아,4,45365,1507,0,1,3,1.0,8.43,5,2,7,99,59,158,578834
13,클로버필드,2,59123,1917,1,1,3,1.0,9.03,193,43,236,161,160,321,558389
14,더 게임,1,72292,1590,0,1,3,1.0,10.0,4,0,4,112,53,165,1479859
15,슈퍼맨이었던 사나이,3,46803,2050,0,3,3,1.0,8.73,224,55,279,80,43,123,550284
16,명장,5,22361,1203,2,2,3,1.0,8.5,77,27,104,7,8,15,380515
17,6년째 연애중,1,91943,1782,0,1,3,1.0,8.98,142,35,177,47,40,87,1112238
18,마지막 선물,7,18582,1473,0,1,3,1.0,9.41,129,16,145,16,14,30,265362
19,점퍼,10,2082,6,1,1,3,1.0,9.32,152,22,174,51,68,119,1665268
20,추격자,2,113673,2032,0,2,3,1.0,7.5,2,4,6,232,51,283,5046096
21,스파이더위크가의 비밀,5,23559,1120,1,3,3,1.0,9.23,108,15,123,23,14,37,676155
22,데스노트 L: 새로운 시작,3,47833,1339,2,1,3,1.0,8.1,914,317,1231,94,41,135,355158
23,바보,2,66132,1595,0,0,3,1.0,9.47,16,1,17,73,32,105,967654
24,27번의 결혼리허설,4,18026,1157,1,1,0,2.0,8.96,16,7,23,4,6,10,239739
25,마이 뉴 파트너,5,17846,1249,0,1,0,2.0,10.0,1,0,1,4,12,16,260734
26,스텝업 2 : 더 스트리트,7,11196,59,1,0,0,2.0,9.44,105,10,115,28,8,36,1044659
27,"10,000 BC",1,70632,2094,1,1,0,2.0,8.58,59,19,78,19,45,64,1134364
28,천일의 스캔들,5,22105,719,1,1,0,2.0,9.17,21,2,23,10,4,14,693836
29,삼국지:용의 부활,8,3092,15,2,1,0,2.0,8.91,105,32,137,27,28,55,1025302
30,GP 506,9,2096,5,0,2,0,2.0,9.35,200,26,226,59,45,104,936945
31,테이큰,3,89502,1498,2,2,0,2.0,9.08,11,2,13,114,11,125,2359061
32,버킷 리스트:죽기전에 꼭 하고싶은것들,9,21296,365,1,0,0,2.0,9.27,41,4,45,0,0,0,295214
33,스트리트 킹,2,30179,1320,1,2,0,2.0,7.5,1,1,2,15,32,47,272501
34,포비든 킹덤: 전설의 마스터를 찾아서,1,70684,2235,1,0,0,2.0,9.47,231,23,254,0,0,0,1211890
35,비스티 보이즈,3,11447,56,0,2,0,2.0,9.31,108,13,121,39,69,108,719587
36,아이언맨,1,152797,2823,1,0,0,2.0,9.09,235,45,280,139,33,172,4300365
37,가루지기,5,21957,1617,0,2,0,2.0,0.0,0,0,0,14,43,57,269478
38,스피드 레이서,10,729,5,1,0,0,2.0,9.18,10,1,11,202,82,284,798718
39,인디아나 존스 4 : 크리스탈 해골의 왕국,10,1254,6,1,0,0,2.0,9.66,344,24,368,105,72,177,4111753
40,걸스카우트,9,1660,8,0,1,1,2.0,8.15,28,11,39,37,8,45,248813
41,섹스 앤 더 시티,10,689,3,1,2,1,2.0,9.02,33,7,40,30,9,39,1067707
42,라스베가스에서만 생길 수 있는 일,2,47329,1498,1,1,0,2.0,9.37,17,2,19,19,6,25,693874
43,크로싱,10,1230,19,0,0,1,2.0,10.0,11,0,11,60,24,84,898000
44,해프닝,3,35404,1602,1,2,1,2.0,9.44,67,8,75,20,62,82,347791
45,강철중: 공공의 적 1-1,2,55080,852,0,1,1,2.0,9.43,205,23,228,142,58,200,4313102
46,원티드,10,3680,20,1,2,1,2.0,10.0,7,0,7,161,78,239,2858750
47,핸콕,1,167724,3404,1,0,1,0.0,9.54,181,19,200,66,75,141,2722574
48,노크:낯선 자들의 방문,6,11310,972,1,1,1,0.0,8.73,53,18,71,6,11,17,248807
49,적벽대전:거대한 전쟁의 시작,9,1490,7,2,1,1,0.0,7.67,209,90,299,76,94,170,1572064
50,님은 먼 곳에,9,4810,19,0,1,1,0.0,9.1,161,35,196,163,149,312,1706495
51,눈에는 눈 이에는 이,10,1662,8,0,1,1,0.0,8.84,121,34,155,153,99,252,2058616
52,님스 아일랜드,3,27372,1563,1,3,1,0.0,8.86,69,18,87,14,22,36,694539
53,미이라 3:황제의 무덤,1,297855,3168,1,0,1,0.0,8.67,297,98,395,64,175,239,4090885
54,다크 나이트,4,59957,795,1,1,1,0.0,9.69,161,12,173,0,0,0,4175526
55,신기전,9,1976,9,0,1,2,0.0,8.9,200,43,243,158,51,209,3728439
56,엑스파일:나는 믿고싶다,8,21519,1301,1,1,1,0.0,9.62,58,6,64,4,18,22,244023
57,아기와 나,9,18552,1069,0,0,1,0.0,9.78,22,1,23,61,26,87,435940
58,미드나잇 미트 트레인,2,26888,1082,1,2,1,0.0,8.58,0,0,0,13,38,51,290363
59,CJ7:장강7호,4,23802,1578,2,3,1,0.0,9.12,0,0,0,25,19,44,312576
60,맘마미아!,7,11574,58,1,0,2,0.0,8.96,97,22,119,33,14,47,4578239
61,울학교 이티,4,12101,61,0,1,2,0.0,8.9,114,25,139,23,13,36,652178
62,영화는 영화다,3,16579,746,0,2,2,0.0,9.1,159,27,186,131,14,145,1311118
63,모던보이,10,1376,6,0,0,2,2.0,9.59,0,0,0,30,30,60,762370
64,고고 70,9,1938,8,0,1,2,2.0,9.05,63,11,74,41,32,73,595199
65,트럭,2,39171,1559,0,2,2,0.0,9.5,2,0,2,25,13,38,550195
66,멋진 하루,3,34000,1526,0,0,2,0.0,9.62,49,4,53,39,31,70,397387
67,이글 아이,1,86957,1815,1,0,2,2.0,9.26,125,20,145,49,26,75,2292172
68,미쓰 홍당무,2,51950,1715,0,2,2,2.0,8.22,0,0,0,58,41,99,539121
69,공작부인:세기의 스캔들,3,20711,1126,1,1,2,2.0,9.2,12,3,15,5,10,15,250657
70,아내가 결혼했다,1,96014,2066,0,2,2,2.0,7.98,93,34,127,44,37,81,1799501
71,바디 오브 라이즈,2,37148,1209,1,1,2,2.0,9.87,45,1,46,17,15,32,589899
72,뱅크 잡,2,25818,1206,2,1,2,2.0,8.89,21,7,28,0,0,0,557063
73,007 퀀텀 오브 솔러스,1,100124,2734,1,1,2,2.0,9.4,68,9,77,17,25,42,2205160
74,서양 골동 양과자점 앤티크,8,15626,298,0,1,2,2.0,9.36,305,35,340,274,102,376,1181332
75,미인도,2,103818,2446,0,2,2,2.0,7.23,85,49,134,47,84,131,2342579
76,눈먼자들의 도시,2,42002,1198,2,2,2,2.0,9.54,112,13,125,35,49,84,646826
77,맥스 페인,4,32088,985,1,1,2,2.0,7.48,40,23,63,5,36,41,258067
78,과속스캔들,8,4731,25,0,0,3,1.0,8.91,610,130,740,223,28,251,8223342
79,과속스캔들,8,4731,25,0,0,3,1.0,8.91,610,130,740,223,28,251,8223342
80,순정만화,1,74041,1846,0,0,2,2.0,9.24,475,60,535,57,40,97,731706
81,1724 기방난동사건,4,21594,1722,0,1,3,1.0,7.6,39,24,63,12,16,28,288452
82,트와일라잇,6,11573,60,1,0,3,1.0,9.53,344,32,376,0,0,0,1376760
83,오스트레일리아,3,35188,1755,1,0,3,1.0,9.47,72,7,79,10,7,17,999030
84,예스맨,5,27556,1217,1,1,3,1.0,9.44,102,12,114,45,7,52,1395498
85,예스맨,5,27556,1217,1,1,3,1.0,9.44,102,12,114,45,7,52,1395498
86,달콤한 거짓말,6,24601,1632,0,0,3,1.0,7.99,51,26,77,24,32,56,471310
87,쌍화점,8,11574,58,0,2,3,1.0,9.14,327,52,379,129,149,278,3749034
88,쌍화점,8,11574,58,0,2,3,1.0,9.14,327,52,379,129,149,278,3749034
89,지구가 멈추는 날,2,67707,2485,1,0,3,1.0,8.85,262,61,323,73,238,311,1576492
90,지구가 멈추는 날,2,67707,2485,1,0,3,1.0,8.85,262,61,323,73,238,311,1576492
91,트랜스포터-라스트 미션,9,11574,58,2,1,3,1.0,9.35,143,19,162,36,40,76,937224
92,디파이언스,6,13368,667,1,1,3,1.0,7.8,15,5,20,24,6,30,229157
93,적벽대전 2 : 최후의 결전,6,11588,58,2,1,3,1.0,9.05,243,41,284,62,41,103,2694436
94,작전명 발키리,2,94532,1856,1,0,3,1.0,9.27,164,30,194,81,39,120,1784165
95,유감스러운 도시,3,82548,1924,0,1,3,1.0,6.52,143,116,259,53,58,111,1532632
96,체인질링,6,15236,698,1,2,3,1.0,8.95,35,8,43,17,4,21,519127
97,워낭소리,10,2340,72,0,3,3,1.0,9.29,325,36,361,0,0,0,2934795
98,잉크하트 : 어둠의 부활,4,46731,1496,1,3,3,1.0,9.29,101,15,116,46,31,77,560588
99,작전,8,8221,30,0,1,3,1.0,9.2,129,24,153,107,23,130,1517096
100,마린보이,1,69766,1850,0,1,3,1.0,7.58,89,55,144,49,53,102,827647
101,세븐 파운즈,3,34315,1104,1,1,3,1.0,8.19,33,15,48,16,26,42,229799
102,벤자민 버튼의 시간은 거꾸로 간다,1,68254,1196,1,0,3,1.0,9.21,241,41,282,0,0,0,1747305
103,그는 당신에게 반하지 않았다,2,65962,1644,1,1,3,1.0,8.63,54,16,70,22,16,38,935168
104,핸드폰,2,56335,1666,0,2,3,1.0,8.15,74,31,105,48,50,98,622486
105,문프린세스 : 문에이커의 비밀,5,28618,1429,2,3,3,1.0,8.91,108,21,129,19,33,52,360195
106,말리와 나,7,13807,1031,1,0,3,1.0,9.36,33,3,36,20,14,34,210270
107,인터내셔널,3,34307,1159,1,2,3,1.0,9.0,12,4,16,10,21,31,237869
108,언데드,5,23657,986,1,1,3,1.0,8.59,22,7,29,14,18,32,214638
109,왓치맨,1,60235,1403,1,2,0,2.0,9.43,104,16,120,72,142,214,597118
110,슬픔보다 더 슬픈 이야기,2,21017,1016,0,1,0,2.0,7.75,120,59,179,31,24,55,715800
111,드래곤볼 에볼루션,2,24168,1726,1,3,0,2.0,5.05,301,491,792,26,87,113,419189
112,뉴욕은 언제나 사랑 중,4,16027,1280,1,1,0,2.0,9.75,110,5,115,0,7,7,243432
113,13일의 금요일,6,11559,825,1,2,0,2.0,9.32,85,12,97,4,13,17,208118
114,쇼퍼홀릭,10,1661,6,1,0,0,2.0,9.45,31,2,33,5,2,7,306459
115,푸시,10,1301,9,1,1,0,2.0,8.69,77,24,101,18,38,56,715887
116,슬럼독 밀리어네어,3,28398,1059,2,1,0,2.0,9.62,58,6,64,47,10,57,1106899
117,더 리더: 책 읽어주는 남자,6,11829,60,1,2,0,2.0,8.88,20,5,25,0,0,0,455053
118,그림자 살인,8,11937,61,0,1,0,2.0,6.0,216,205,421,48,44,92,1892467
119,분노의 질주: 더 오리지널,2,31223,1658,1,1,0,2.0,9.65,107,8,115,26,6,32,675255
120,노잉,9,2586,9,1,0,0,2.0,8.98,142,28,170,47,71,118,1047062
121,우리 집에 왜 왔니,3,14216,1215,0,1,0,2.0,9.81,605,19,624,39,17,56,217478
122,13구역: 얼티메이텀,3,26974,1521,2,1,0,2.0,9.68,82,5,87,26,11,37,501736
123,7급 공무원,7,19057,205,0,0,0,2.0,8.52,202,67,269,45,13,58,4039891
124,엑스맨 탄생: 울버린,2,33289,1475,1,0,0,2.0,9.07,169,34,203,81,40,121,1280734
125,인사동 스캔들,3,22282,675,0,1,0,2.0,9.01,117,20,137,14,16,30,1187684
126,스타 트렉: 더 비기닝,8,4218,16,1,0,0,2.0,9.05,106,18,124,80,26,106,1085447
127,박쥐,1,180372,2116,0,2,0,2.0,7.92,272,134,406,205,391,596,2208165
128,김씨표류기,6,3308,188,0,0,0,2.0,8.89,204,53,257,88,27,115,725031
129,천사와 악마,7,3094,105,1,1,0,2.0,9.3,200,34,234,105,34,139,1906687
130,터미네이터 : 미래전쟁의 시작,1,262434,3417,1,1,0,2.0,8.91,651,130,781,284,177,461,4499776
131,박물관이 살아있다 2,10,3112,23,1,3,1,2.0,9.56,285,22,307,21,24,45,1972440
132,거북이 달린다,10,1609,5,0,1,1,2.0,9.02,105,21,126,50,32,82,3024666
133,펠햄 123,8,1968,9,1,1,1,2.0,9.1,31,8,39,18,38,56,354850
134,드래그 미 투 헬,6,19637,1228,1,1,1,2.0,9.05,61,14,75,28,39,67,272813
135,킹콩을 들다,10,2096,5,0,3,1,0.0,8.57,165,51,216,122,13,135,1262858
136,여고괴담 5,2,40386,1932,0,1,1,2.0,7.77,154,70,224,19,46,65,644717
137,트랜스포머: 패자의 역습,1,478269,4527,1,0,1,2.0,7.72,1910,687,2597,822,278,1100,7393443
138,차우,6,3399,32,0,0,1,0.0,8.26,181,77,258,81,46,127,1778843
139,오감도,2,51283,1566,0,2,1,0.0,7.32,103,57,160,26,91,117,438808
140,주온-원혼의 부활,5,31261,811,2,1,1,0.0,8.7,82,24,106,15,37,52,303473
141,해리 포터와 혼혈 왕자,1,279483,2814,1,3,1,0.0,9.58,2045,154,2199,211,315,526,2957736
142,해운대,8,4109,19,0,0,1,0.0,7.72,830,403,1233,261,90,351,11324791
143,국가대표,9,2766,11,0,0,1,0.0,8.15,658,266,924,0,0,0,8035181
144,지.아이.조 : 전쟁의 서막,3,61632,903,1,1,1,0.0,8.82,190,55,245,233,180,413,2665886
145,10억,7,21888,632,0,1,1,0.0,8.8,218,57,275,48,104,152,433866
146,퍼블릭 에너미,5,41453,1366,1,1,1,0.0,9.66,105,12,117,26,55,81,456742
147,불신지옥,6,20632,1234,0,1,1,0.0,8.19,86,32,118,29,16,45,248291
148,요가학원,6,14936,617,0,1,1,0.0,7.69,97,52,149,27,113,140,268627
149,퍼펙트 겟어웨이,8,8426,447,1,1,1,0.0,9.14,24,5,29,24,23,47,310779
150,오펀: 천사의 비밀,7,20293,865,1,2,1,0.0,9.16,57,11,68,48,20,68,481064
151,코코 샤넬,4,24310,1403,2,1,1,0.0,9.87,36,2,38,14,19,33,206769
152,프로포즈,4,20295,1046,1,1,2,0.0,9.38,13,3,16,15,11,26,323707
153,애자,2,31180,1865,0,1,2,0.0,9.26,163,22,185,31,11,42,1901731
154,이태원 살인사건,3,30337,1439,0,1,2,0.0,8.82,105,24,129,29,48,77,531023
155,불꽃처럼 나비처럼,10,4488,13,0,1,2,0.0,8.37,215,60,275,57,46,103,1670652
156,페임,9,3650,22,1,0,2,0.0,9.21,54,9,63,20,30,50,634100
157,내 사랑 내 곁에,1,111989,2572,0,0,2,0.0,9.74,893,37,930,141,79,220,2135509
158,호우시절,10,3808,12,0,1,2,2.0,9.21,49,9,58,34,45,79,288116
159,써로게이트,3,68757,1444,1,1,2,2.0,9.14,39,11,50,29,23,52,794475
160,게이머,4,42015,1779,1,2,2,2.0,9.5,63,7,70,11,15,26,305927
161,파이널 데스티네이션 4,7,31969,1331,1,2,2,2.0,8.88,65,15,80,9,16,25,284657
162,정승필 실종사건,10,2323,13,0,1,2,2.0,8.7,61,13,74,20,65,85,318852
163,디스트릭트 9,1,45537,1735,1,2,2,2.0,8.87,283,58,341,125,50,175,841125
164,나는 비와 함께 간다,2,24403,1287,2,2,2,2.0,9.58,146,9,155,33,104,137,212088
165,굿모닝 프레지던트,1,101600,2646,0,3,2,2.0,8.82,181,42,223,50,49,99,2554960
166,시간 여행자의 아내,9,2699,16,1,0,2,2.0,9.54,207,30,237,0,0,0,730934
167,바스터즈: 거친 녀석들,6,8194,520,1,2,2,2.0,8.98,81,15,96,12,4,16,331827
168,청담보살,10,1193,5,0,1,2,2.0,8.91,146,36,182,26,20,46,1308810
169,집행자,2,25580,1658,0,2,2,2.0,8.46,114,38,152,25,13,38,393019
170,홍길동의 후예,6,5255,29,0,0,2,2.0,8.4,127,41,168,47,26,73,612126
171,백야행,2,51554,1868,0,2,2,2.0,8.71,167,44,211,80,43,123,949896
172,뉴 문,8,2015,7,1,0,3,1.0,9.45,971,85,1056,123,115,238,1933467
173,닌자 어쌔신,1,94008,1741,1,2,2,2.0,9.05,1099,179,1278,522,203,725,1332819
174,여배우들,9,1723,6,0,0,3,1.0,8.0,149,58,207,35,35,70,513405
175,모범시민,2,55896,1764,1,1,3,1.0,9.39,107,17,124,66,70,136,800006
176,전우치,9,3021,16,0,0,3,1.0,8.86,806,178,984,401,200,601,6065474
177,전우치,9,3021,16,0,0,3,1.0,8.86,806,178,984,401,200,601,6065474
178,아바타,1,69343,1172,1,0,3,1.0,8.75,1147,296,1443,0,0,0,13486963
179,아바타,1,69343,1172,1,0,3,1.0,8.75,1147,296,1443,0,0,0,13486963
180,셜록 홈즈,3,67277,2037,1,0,3,1.0,8.87,230,47,277,50,35,85,2184425
181,셜록 홈즈,3,67277,2037,1,0,3,1.0,8.87,230,47,277,50,35,85,2184425
182,파르나서스 박사의 상상극장,4,33755,1570,1,0,3,1.0,9.73,419,21,440,49,86,135,458243
183,앨빈과 슈퍼밴드2,8,9429,69,1,3,3,1.0,9.61,228,14,242,23,8,31,617085
184,용서는 없다,9,1351,6,0,2,3,1.0,8.69,116,27,143,49,36,85,1125154
185,나인,5,17092,704,1,1,3,1.0,8.96,73,17,90,120,110,230,491162
186,주유소 습격사건 2,10,1888,8,0,1,3,1.0,7.5,172,86,258,56,54,110,729834
187,의형제,10,4218,16,0,1,3,1.0,9.19,461,72,533,299,46,345,5416829
188,하모니,1,97029,2132,0,0,3,1.0,9.56,739,62,801,318,33,351,3018154
189,식객2 : 김치전쟁,3,39297,1958,0,3,3,1.0,8.59,212,58,270,33,21,54,462714
190,꼬마 니콜라,6,15893,814,2,3,3,1.0,9.02,49,7,56,13,5,18,31368
191,퍼시 잭슨과 번개 도둑,2,88942,1729,1,0,3,1.0,9.19,409,59,468,101,102,203,1846180
192,공자 춘추전국시대,5,23192,1371,2,0,3,1.0,7.68,88,43,131,0,0,0,371617
193,울프맨,6,22045,1458,1,2,3,1.0,8.75,45,11,56,16,30,46,265409
194,평행이론,2,48594,1552,0,1,3,1.0,8.49,132,43,175,75,51,126,921111
195,러블리 본즈,6,19257,1086,1,1,3,1.0,6.89,89,81,170,21,24,45,208672
196,포스 카인드,7,16344,1079,1,1,3,1.0,8.25,139,52,191,22,12,34,224808
197,이상한 나라의 앨리스,1,62730,2224,1,3,0,2.0,9.5,656,69,725,44,48,92,2147012
198,프롬 파리 위드 러브,2,25663,1766,2,2,0,2.0,8.07,37,23,60,29,38,67,369394
199,사랑은 너무 복잡해,4,12114,922,1,2,0,2.0,8.68,16,6,22,10,2,12,234113
200,셔터 아일랜드,1,47303,1203,1,1,0,2.0,9.38,99,12,111,51,36,87,990223
201,육혈포 강도단,2,32121,1791,0,1,0,2.0,8.04,91,40,131,22,17,39,1214237
202,그린 존,1,35270,1561,1,1,0,2.0,9.8,101,6,107,27,20,47,596403
203,반가운 살인자,8,5277,29,0,1,0,2.0,8.98,119,30,149,91,53,144,590531
204,친정엄마,10,1288,6,0,3,0,2.0,9.72,242,16,258,32,3,35,472009
205,일라이,9,1785,11,1,1,0,2.0,6.3,59,60,119,12,22,34,219196
206,베스트셀러,2,26661,1530,0,1,0,2.0,8.82,80,20,100,52,23,75,1081752
207,블라인드 사이드,5,9692,603,1,0,0,2.0,9.66,198,12,210,15,9,24,355516
208,구르믈 버서난 달처럼,8,3354,9,0,1,0,2.0,8.9,159,38,197,26,38,64,1383867
209,아이언맨 2,10,3160,14,1,0,0,2.0,9.23,638,83,721,163,177,340,4425235
210,대한민국 1%,1,41085,203,0,0,0,2.0,7.8,181,66,247,55,18,73,440372
211,하녀,6,3020,8,0,2,0,2.0,8.02,124,60,184,43,125,168,2267579
212,로빈 후드,2,73641,2356,1,1,0,2.0,9.07,82,18,100,47,39,86,1570681
213,시,5,5677,760,0,1,0,2.0,8.92,40,9,49,21,2,23,218898
214,내 깡패 같은 애인,8,4627,26,0,1,0,2.0,8.78,54,20,74,63,13,76,688639
215,페르시아의 왕자: 시간의 모래,1,84109,2845,1,0,0,2.0,9.24,178,35,213,45,22,67,1970823
216,맨발의 꿈,10,4218,16,0,3,1,2.0,9.54,184,16,200,56,5,61,331945
217,방자전,3,171439,2417,0,2,1,2.0,8.4,139,56,195,31,27,58,2985556
218,엣지 오브 다크니스,5,35585,1414,2,1,1,2.0,7.88,38,18,56,194,18,212,193380
219,포화속으로,9,2920,17,0,0,1,2.0,5.61,1659,1696,3355,345,154,499,3330326
220,베스트 키드,10,1630,8,1,0,1,2.0,9.57,139,11,150,23,10,33,287278
221,A-특공대,2,39099,1740,1,1,1,2.0,9.64,100,7,107,30,10,40,777985
222,섹스 앤 더 시티 2,3,30787,1138,1,2,1,2.0,8.86,62,12,74,21,7,28,398347
223,나잇&데이,10,1651,50,1,1,1,2.0,8.85,59,16,75,55,29,84,2243484
224,파괴된 사나이,8,7508,42,0,2,1,0.0,9.08,264,55,319,163,75,238,1012310
225,이클립스,9,3894,14,1,0,1,0.0,9.43,1467,132,1599,121,78,199,2069546
226,마음이2,10,1590,6,0,3,1,0.0,9.62,438,24,462,26,9,35,696382
227,이끼,1,136515,2900,0,2,1,0.0,8.99,550,122,672,127,120,247,3350311
228,고死 두 번째 이야기: 교생실습,8,1704,4,0,1,1,0.0,8.59,1556,363,1919,175,356,531,857038
229,오션스,8,2011,14,2,3,1,0.0,7.68,74,38,112,39,15,54,640704
230,인셉션,1,149246,2353,1,0,1,0.0,9.34,522,69,591,493,80,573,5835017
231,마법사의 제자,3,43422,1781,1,3,1,0.0,8.86,89,26,115,28,24,52,570775
232,스텝 업 3D,10,1097,8,1,0,1,0.0,9.66,175,13,188,141,15,156,671845
233,아저씨,10,2108,11,0,2,1,0.0,9.1,523,102,625,384,39,423,6178665
234,솔트,4,41359,871,1,1,1,0.0,8.8,87,32,119,92,73,165,2869938
235,토이 스토리 3,3,110392,1814,1,3,1,0.0,9.58,541,42,583,134,13,147,1460726
236,내니맥피 2: 유모와마법소동,7,12022,762,1,3,1,0.0,9.24,71,12,83,10,1,11,206674
237,악마를 보았다,2,116046,2105,0,2,1,0.0,8.84,245,49,294,190,219,409,1817069
238,라스트 에어벤더,1,135385,1927,1,3,1,0.0,8.49,404,121,525,61,181,242,1371164
239,익스펜더블,5,42923,1617,1,2,1,0.0,9.64,387,23,410,29,52,81,390458
240,폐가,6,30053,844,0,1,1,0.0,8.59,291,101,392,226,134,360,225955
241,피라냐,2,51409,1813,1,2,1,0.0,8.04,124,55,179,43,66,109,505875
242,프레데터스,5,25804,1363,1,1,1,0.0,8.99,134,30,164,24,32,56,276536
243,킬러스,2,26254,1644,1,1,2,0.0,5.78,31,68,99,31,41,72,322888
244,해결사,9,5425,25,0,1,2,0.0,7.8,81,52,133,43,51,94,1843404
245,시라노; 연애조작단,9,3731,20,0,0,2,0.0,9.17,470,74,544,322,51,373,2684798
246,퀴즈왕,6,20288,632,0,1,2,0.0,8.03,94,37,131,36,29,65,573001
247,레지던트 이블 4: 끝나지 않은 전쟁 3D,4,16211,581,2,2,2,0.0,8.97,379,70,449,47,56,103,1190008
248,무적자,5,13358,612,0,1,2,0.0,7.55,240,114,354,62,99,161,1546132
249,방가? 방가!,10,3440,14,0,0,2,0.0,7.78,104,52,156,19,10,29,972431
250,적인걸: 측천무후의 비밀,9,3477,18,2,0,2,2.0,8.74,46,11,57,7,3,10,459955
251,먹고 기도하고 사랑하라,1,42185,1323,1,1,2,0.0,8.94,26,5,31,13,19,32,500266
252,레터스 투 줄리엣,9,5802,541,1,0,2,2.0,8.46,57,19,76,8,1,9,583354
253,심야의 F.M.,10,3000,15,0,2,2,2.0,9.41,137,13,150,76,52,128,1208310
254,검우강호,7,6155,575,2,1,2,2.0,8.11,66,28,94,36,44,80,312334
255,월 스트리트: 머니 네버 슬립스,2,27230,1286,1,0,2,2.0,8.81,34,8,42,8,6,14,241438
256,부당거래,1,98139,2284,0,2,2,2.0,9.5,96,15,111,84,33,117,2723028
257,불량남녀,10,3370,17,0,1,2,2.0,8.49,75,27,102,28,11,39,483387
258,소셜 네트워크,9,8539,223,1,1,2,2.0,9.01,75,22,97,42,28,70,509295
259,초능력자,1,115986,2914,0,1,2,2.0,9.34,928,100,1028,158,236,394,2130645
260,언스토퍼블,3,13932,1592,1,0,2,2.0,9.49,59,14,73,16,7,23,452320
261,이층의 악당,8,1766,14,0,1,2,2.0,9.32,205,32,237,33,24,57,596864
262,페스티발,5,19691,1320,0,2,2,2.0,8.71,98,23,121,132,31,163,196995
263,워리어스 웨이,9,3488,9,1,1,3,1.0,7.93,276,121,397,57,98,155,432072
264,스카이 라인,1,56202,2181,1,0,2,2.0,7.39,409,200,609,665,263,928,860340
265,쩨쩨한 로맨스,10,3477,31,0,2,3,1.0,8.71,150,34,184,57,36,93,2067538
266,나니아 연대기: 새벽 출정호의 항해,5,31454,477,1,3,3,1.0,9.39,495,57,552,31,16,47,1172586
267,헬로우 고스트,10,4508,13,0,0,3,1.0,9.15,413,81,494,115,30,145,3019960
268,헬로우 고스트,10,4508,13,0,0,3,1.0,9.15,413,81,494,115,30,145,3019960
269,김종욱 찾기,2,48375,2040,0,0,3,1.0,9.02,227,43,270,70,31,101,1122225
270,투어리스트,1,84722,2166,1,1,3,1.0,9.66,56,6,62,49,74,123,905624
271,해리 포터와 죽음의 성물1,1,146503,2805,1,3,3,1.0,9.44,2246,207,2453,180,69,249,2853500
272,해리 포터와 죽음의 성물1,1,146503,2805,1,3,3,1.0,9.44,2246,207,2453,180,69,249,2853500
273,쓰리 데이즈,10,1826,9,1,1,3,1.0,9.4,105,23,128,18,9,27,272496
274,황해,9,3913,12,0,2,3,1.0,8.99,386,73,459,202,167,369,2260512
275,황해,9,3913,12,0,2,3,1.0,8.99,386,73,459,202,167,369,2260512
276,라스트 갓파더,1,138687,2620,0,0,3,1.0,8.83,3165,630,3795,654,391,1045,2541603
277,라스트 갓파더,1,138687,2620,0,0,3,1.0,8.83,3165,630,3795,654,391,1045,2541603
278,트론: 새로운 시작,5,31211,1929,1,0,3,1.0,8.95,160,34,194,42,50,92,437319
279,심장이 뛴다,2,51561,1637,0,1,3,1.0,9.12,228,52,280,115,37,152,1025243
280,러브 & 드럭스,2,34207,1051,1,2,3,1.0,9.83,190,11,201,10,11,21,527077
281,시즌 오브 더 위치: 마녀 호송단,5,30959,1104,1,1,3,1.0,8.64,30,9,39,14,18,32,435201
282,조선명탐정 : 각시투구꽃의 비밀,8,3635,13,0,0,3,1.0,9.09,393,73,466,122,30,152,4786259
283,글러브,1,69230,1921,0,3,3,1.0,9.15,397,67,464,140,28,168,1887733
284,평양성,10,2951,13,0,0,3,1.0,8.19,157,53,210,119,48,167,1717566
285,걸리버 여행기,2,84845,1493,1,3,3,1.0,8.74,267,62,329,31,57,88,1762071
286,상하이,5,15462,814,1,1,3,1.0,7.71,59,26,85,86,17,103,269157
287,생텀,10,1069,5,1,1,3,1.0,8.42,88,36,124,48,54,102,465039
288,아이들...,9,1679,20,0,1,3,1.0,9.35,512,73,585,137,95,232,1867849
289,친구와 연인사이,5,21100,926,1,2,3,1.0,9.81,15,1,16,5,3,8,267843
290,만추,10,2193,15,0,1,3,1.0,8.36,240,75,315,215,104,319,849635
291,아이 엠 넘버 포,2,45495,1625,1,0,3,1.0,8.35,92,32,124,52,21,73,654386
292,블랙 스완,3,45299,1530,1,2,3,1.0,9.31,190,28,218,106,21,127,1623518
293,컨트롤러,10,33272,423,1,0,0,2.0,8.41,79,29,108,16,31,47,373397
294,월드 인베이젼,1,66551,2065,1,0,0,2.0,8.74,299,75,374,235,141,376,1307873
295,사랑이 무서워,4,18450,1543,0,1,0,2.0,6.48,31,30,61,10,7,17,402876
296,킹스 스피치,9,13589,288,2,0,0,2.0,9.3,84,17,101,19,14,33,808908
297,마이 블랙 미니드레스,10,2990,13,0,1,0,2.0,9.07,185,30,215,65,33,98,313953
298,레드 라이딩 후드,3,24170,1530,1,1,0,2.0,9.19,132,22,154,31,33,64,362572
299,위험한 상견례,5,46869,642,0,0,0,2.0,8.87,305,59,364,81,42,123,472695
300,줄리아의 눈,2,16446,1170,2,2,0,2.0,8.96,107,30,137,24,17,41,236365
301,적과의 동침,8,4051,13,0,0,0,2.0,8.52,180,57,237,20,21,41,243094
302,세상에서 가장 아름다운 이별,9,2780,8,0,1,0,2.0,9.83,152,4,156,15,4,19,317013
303,수상한 고객들,1,37976,1712,0,1,0,2.0,9.45,267,27,294,42,26,68,1059350
304,분노의 질주: 언리미티드,1,38205,1731,1,1,0,2.0,9.46,115,12,127,53,10,63,1622015
305,체포왕,10,2525,15,0,1,0,2.0,9.43,99,15,114,44,13,57,870887
306,토르: 천둥의 신,1,81994,2493,1,0,0,2.0,8.82,192,39,231,62,65,127,1694769
307,써니,6,26262,520,0,1,0,2.0,9.0,420,91,511,0,0,0,7453715
308,소스 코드,7,3998,19,1,0,0,2.0,9.06,82,19,101,86,39,125,1277690
309,캐리비안의 해적: 낯선 조류,9,2132,9,1,0,0,2.0,9.57,943,79,1022,106,123,229,3130046
310,엑스맨: 퍼스트 클래스,10,1546,8,1,0,1,2.0,8.77,149,42,191,186,24,210,2534979
311,모비딕,5,2797,10,0,1,1,2.0,8.35,48,24,72,11,24,35,430936
312,화이트: 저주의 멜로디,9,700,4,0,1,1,2.0,8.21,352,141,493,48,68,116,790959
313,링컨 차를 타는 변호사,10,400,7,1,1,1,2.0,8.75,36,15,51,11,10,21,327655
314,슈퍼 에이트,2,38882,1926,1,0,1,2.0,8.24,117,54,171,25,60,85,472157
315,풍산개,2,40493,1280,0,2,1,2.0,7.75,116,60,176,61,41,102,714136
316,트랜스포머 3,9,6543,24,1,0,1,2.0,9.49,1645,155,1800,363,399,762,7785189
317,고양이: 죽음을 보는 두 개의 눈,9,1776,7,0,1,1,0.0,5.65,299,346,645,28,51,79,672340
318,고지전,6,3548,10,0,1,1,0.0,6.0,261,289,550,123,49,172,2945151
319,해리포터와 죽음의 성물2,1,229946,3482,1,3,1,0.0,9.6,1642,102,1744,471,80,551,4421210
320,퀵,7,24735,287,0,1,1,0.0,8.12,293,121,414,88,65,153,3125069
321,퍼스트 어벤져,4,63024,1677,1,0,1,0.0,8.58,119,40,159,38,65,103,514579
322,최종병기 활,7,39672,333,0,1,1,0.0,8.64,341,119,460,0,0,0,7482180
323,카우보이 & 에이리언,7,33899,1255,1,1,1,0.0,7.75,70,38,108,29,41,70,256346
324,혹성탈출: 진화의 시작,10,33332,337,1,0,1,0.0,8.98,324,78,402,218,67,285,2773794
325,콜롬비아나,9,5107,28,1,1,1,0.0,8.28,36,14,50,7,8,15,598365
326,챔프,8,4873,19,0,0,2,0.0,7.92,151,59,210,32,20,52,535657
327,푸른소금,2,54996,2022,0,1,1,0.0,8.67,295,76,371,116,119,235,771699
328,가문의 영광4 - 가문의 수난,8,4312,12,0,1,2,0.0,5.36,187,239,426,32,93,125,2368267
329,통증,8,16452,327,0,1,2,0.0,8.18,148,52,200,45,35,80,700272
330,파이널 데스티네이션5,6,10351,651,1,2,2,0.0,8.0,51,30,81,30,9,39,257193
331,파퍼씨네 펭귄들,7,10258,858,1,3,2,0.0,9.64,206,15,221,9,8,17,980387
332,도가니,10,7559,42,0,2,2,0.0,9.24,570,73,643,231,35,266,4662926
333,컨테이젼,2,24292,1378,1,0,2,0.0,8.29,64,28,92,36,37,73,228899
334,의뢰인,7,27825,359,0,1,2,0.0,9.35,200,29,229,60,49,109,2393103
335,카운트다운,8,15818,416,0,2,2,0.0,8.95,91,21,112,17,20,37,471547
336,완득이,7,3117,15,0,0,2,2.0,9.5,670,61,731,104,25,129,5311353
337,리얼 스틸,4,33248,535,1,0,2,2.0,9.26,333,48,381,126,29,155,3579666
338,삼총사 3D,7,21346,270,2,0,2,2.0,8.79,95,22,117,18,20,38,660205
339,오직 그대만,6,22005,341,0,1,2,2.0,9.6,486,40,526,97,25,122,1027782
340,커플즈,9,1696,9,0,1,2,2.0,9.43,105,13,118,14,12,26,360080
341,인 타임,3,36097,1429,1,0,2,2.0,9.27,98,19,117,24,43,67,616943
342,너는 펫,10,2113,11,0,0,2,2.0,8.89,587,102,689,118,66,184,543313
343,신들의 전쟁,2,33004,982,1,2,2,2.0,7.88,67,44,111,85,112,197,1338411
344,머니볼,9,4813,27,1,0,2,2.0,9.28,53,8,61,29,12,41,641323
345,특수본,10,5907,26,0,1,2,2.0,9.17,117,22,139,95,59,154,1118258
346,브레이킹 던 part1,7,42699,513,1,1,2,2.0,9.61,1014,72,1086,123,66,189,1462561
347,오싹한 연애,2,60615,2018,0,0,3,1.0,9.43,254,34,288,82,25,107,3009406
348,퍼펙트 게임,8,3760,20,0,0,3,1.0,9.43,448,49,497,163,34,197,1507084
349,퍼펙트 게임,8,3760,20,0,0,3,1.0,9.43,448,49,497,163,34,197,1507084
350,미션임파서블:고스트프로토콜,6,9275,61,1,1,3,1.0,9.18,269,45,314,194,67,261,7508976
351,미션임파서블:고스트프로토콜,6,9275,61,1,1,3,1.0,9.18,269,45,314,194,67,261,7508976
352,마이 웨이,10,1199,6,0,1,3,1.0,7.25,495,300,795,151,156,307,2142670
353,마이 웨이,10,1199,6,0,1,3,1.0,7.25,495,300,795,151,156,307,2142670
354,부러진 화살,8,1700,5,0,1,3,1.0,8.74,234,56,290,85,16,101,3460212
355,셜록홈즈 : 그림자 게임,9,1691,9,1,1,3,1.0,9.24,245,33,278,74,18,92,2239156
356,셜록홈즈 : 그림자 게임,9,1691,9,1,1,3,1.0,9.24,245,33,278,74,18,92,2239156
357,원더풀 라디오,8,3252,12,0,1,3,1.0,9.01,220,40,260,128,54,182,986287
358,네버엔딩 스토리,10,3511,11,0,1,3,1.0,9.25,88,11,99,15,7,22,283449
359,파파,10,5520,25,0,0,3,1.0,8.78,177,97,274,45,25,70,587291
360,밀레니엄 : 여자를 증오한 남자들,7,11033,411,1,2,3,1.0,9.02,55,11,66,10,5,15,443855
361,댄싱퀸,2,46500,1972,0,0,3,1.0,8.52,143,48,191,75,15,90,4058225
362,페이스메이커,5,22553,1690,0,0,3,1.0,8.93,285,106,391,95,20,115,467697
363,우리는 동물원을 샀다,8,11972,850,1,3,3,1.0,9.29,44,5,49,14,1,15,276334
364,잃어버린 세계를 찾아서 2: 신비의 섬,2,46776,1537,1,3,3,1.0,9.03,108,28,136,24,11,35,1149628
365,범죄와의 전쟁: 나쁜놈들 전성시대,1,166041,2731,0,2,3,1.0,9.31,199,26,225,216,57,273,4720050
366,하울링,1,103979,2420,0,1,3,1.0,8.74,201,43,244,93,60,153,1612554
367,더 그레이,3,32199,1227,1,1,3,1.0,8.87,30,9,39,0,0,0,292267
368,맨 온 렛지,3,28012,1459,1,1,3,1.0,8.91,33,12,45,16,15,31,591841
369,러브픽션,1,165606,2363,0,1,3,1.0,9.45,156,17,173,80,105,185,1726227
370,디스 민즈 워,3,35337,1705,1,1,3,1.0,9.28,24,5,29,42,16,58,873396
371,화차,1,74855,2267,0,1,0,2.0,9.34,127,15,142,43,46,89,2436884
372,건축학개론,6,5395,28,0,0,0,2.0,9.01,474,92,566,126,44,170,4113446
373,크로니클,2,31489,1900,1,1,0,2.0,9.05,67,13,80,24,61,85,384398
374,시체가 돌아왔다,10,2236,10,0,1,0,2.0,8.55,108,36,144,59,48,107,986923
375,언터처블: 1%의 우정,3,46216,1637,2,0,0,2.0,9.51,188,20,208,78,8,86,1721611
376,타이탄의 분노,2,71799,2917,1,0,0,2.0,8.59,116,36,152,93,95,188,893027
377,헝거게임: 판엠의 불꽃,9,612,4,1,1,0,2.0,9.46,362,45,407,46,55,101,608273
378,간기남,6,4376,14,0,2,0,2.0,8.81,58,23,81,47,32,79,1246185
379,배틀쉽,2,43322,755,1,0,0,2.0,8.98,341,85,426,581,368,949,2241687
380,미녀와 야수,6,50402,613,1,3,1,0.0,8.8,166,34,200,655,118,773,5138330
381,코리아,9,2883,14,0,0,0,2.0,8.43,346,93,439,130,59,189,1872682
382,은교,9,2919,16,0,2,0,2.0,8.33,147,61,208,50,42,92,1346511
383,어벤져스,1,78519,1457,1,0,0,2.0,9.44,1139,117,1256,649,117,766,7075607
384,백설공주,8,2841,34,1,3,0,2.0,9.11,90,21,111,13,14,27,585698
385,다크 섀도우,8,1773,6,1,1,0,2.0,9.5,152,19,171,50,66,116,582126
386,내 아내의 모든 것,10,775,5,0,1,0,2.0,9.13,110,17,127,89,42,131,4598985
387,돈의 맛,8,2829,16,0,2,0,2.0,7.2,107,75,182,310,197,507,1166025
388,후궁 : 제왕의 첩,8,3370,15,0,2,1,2.0,7.3,90,78,168,103,201,304,2636385
389,차형사,9,2235,10,0,1,0,2.0,9.09,216,31,247,85,80,165,1346754
390,스노우 화이트 앤 더 헌츠맨,6,30128,571,1,0,0,2.0,9.2,227,43,270,88,42,130,636631
391,미확인 동영상 : 절대클릭금지,7,2370,7,0,1,0,2.0,8.52,428,133,561,73,47,120,867386
392,프로메테우스,4,47787,994,1,2,1,2.0,9.13,187,32,219,385,459,844,971482
393,아부의 왕,9,2834,10,0,1,1,2.0,8.19,60,30,90,16,32,48,497880
394,락아웃: 익스트림미션,10,2207,11,1,1,1,2.0,7.93,28,15,43,43,38,81,462176
395,미쓰GO,1,58579,2071,0,1,1,2.0,8.0,102,39,141,34,59,93,611685
396,어메이징 스파이더맨,1,272155,4962,1,0,1,2.0,7.85,729,323,1052,209,176,385,4853273
397,두 개의 달,10,1312,7,0,1,1,0.0,7.54,73,42,115,35,24,59,426706
398,연가시,10,1429,7,0,1,1,0.0,7.8,710,355,1065,566,214,780,4516063
399,다크 나이트 라이즈,1,441089,4549,1,1,1,0.0,9.57,1461,93,1554,1704,294,1998,6399304
400,도둑들,10,2166,9,0,1,1,0.0,8.68,494,126,620,1014,654,1668,12983841
401,무서운 이야기,5,20457,1018,0,2,1,0.0,8.45,50,14,64,57,30,87,331760
402,바람과 함께 사라지다,7,4644,13,1,3,3,1.0,9.54,80,7,87,116,61,177,4909944
403,나는 왕이로소이다,8,7103,37,0,0,1,0.0,7.62,41,17,58,50,33,83,790181
404,R2B: 리턴투베이스,9,2828,15,0,1,1,0.0,8.97,524,89,613,674,201,875,1201944
405,스텝업4 : 레볼루션,8,9228,156,1,0,1,0.0,9.82,64,1,65,238,38,276,953871
406,토탈 리콜,10,5530,39,1,1,1,0.0,9.59,49,5,54,129,140,269,1219637
407,이웃사람,9,4745,25,0,2,1,0.0,9.48,228,23,251,108,101,209,2434435
408,공모자들,2,97419,2242,0,2,1,0.0,9.59,39,2,41,83,83,166,1646142
409,링컨: 뱀파이어 헌터,4,46858,1824,1,2,1,0.0,9.33,44,8,52,25,41,66,345175
410,본 레거시,1,95550,2290,1,1,2,0.0,9.22,273,35,308,243,146,389,1015832
411,익스펜더블 2,3,35456,2065,1,1,2,0.0,9.61,59,5,64,45,23,68,444456
412,"광해, 왕이 된 남자",10,2698,12,0,1,2,0.0,9.79,73,4,77,573,60,633,12323745
413,레지던트 이블 5 : 최후의 심판,2,57821,1941,1,2,2,0.0,8.52,111,32,143,67,72,139,558443
414,간첩,2,68841,2723,0,1,2,0.0,9.57,12,2,14,48,52,100,1310895
415,점쟁이들,8,2003,10,0,1,2,2.0,9.29,37,4,41,215,155,370,953682
416,테이큰 2,1,182891,3153,2,2,2,0.0,9.59,238,21,259,106,101,207,2308646
417,루퍼,9,1912,9,1,2,2,2.0,9.9,10,0,10,76,40,116,571922
418,용의자X,8,2116,9,0,1,2,2.0,9.93,28,0,28,152,79,231,1552055
419,위험한 관계,10,1742,9,2,2,2,2.0,8.06,11,5,16,31,27,58,298086
420,회사원,6,5047,19,0,2,2,2.0,9.61,41,3,44,107,146,253,1110523
421,늑대소년,9,2051,15,0,1,2,2.0,9.28,628,76,704,0,0,0,7069353
422,007 스카이폴,1,201303,3285,1,1,2,2.0,9.13,125,19,144,159,145,304,2376266
423,내가 살인범이다,8,3389,11,0,2,2,2.0,9.04,641,124,765,312,50,362,2729830
424,브레이킹 던 part2,1,198302,2966,1,1,2,2.0,9.48,820,60,880,468,91,559,2654817
425,돈 크라이 마미,10,2076,10,0,1,2,2.0,7.91,766,300,1066,289,345,634,975462
426,26년,7,6768,30,0,1,2,2.0,5.89,7269,6346,13615,1699,2004,3703,2963652
427,반창꼬,10,3794,15,0,1,3,1.0,9.15,653,102,755,431,75,506,2475797
428,반창꼬,10,3794,15,0,1,3,1.0,9.15,653,102,755,430,75,505,2475797
429,가문의 영광5 - 가문의 귀환,10,4384,23,0,1,3,1.0,8.37,569,163,732,85,48,133,1160021
430,호빗: 뜻밖의 여정,1,158070,4079,1,0,3,1.0,9.72,955,41,996,459,129,588,2818993
431,호빗: 뜻밖의 여정,1,158070,4079,1,0,3,1.0,9.72,955,41,996,459,129,588,2818993
432,레미제라블,4,58492,816,1,0,3,1.0,9.61,564,44,608,707,201,908,5920977
433,레미제라블,4,58492,816,1,0,3,1.0,9.61,564,44,608,707,201,908,5920977
434,타워,8,5973,28,0,0,3,1.0,7.88,954,436,1390,1223,242,1465,5181228
435,타워,8,5973,28,0,0,3,1.0,7.88,954,436,1390,1223,242,1465,5181228
436,박수건달,1,106959,1961,0,1,3,1.0,8.98,652,170,822,339,75,414,3897969
437,클라우드 아틀라스,4,43541,1366,1,2,3,1.0,8.04,883,374,1257,311,151,462,453102
438,마이 리틀 히어로,7,13457,1384,0,3,3,1.0,9.1,514,96,610,86,35,121,186141
439,잭 리처,2,75139,1865,1,1,3,1.0,9.14,195,31,226,126,107,233,784031
440,더 임파서블,4,52425,1898,2,0,3,1.0,8.07,201,106,307,121,67,188,625192
441,7번방의 선물,10,5443,21,0,1,3,1.0,9.53,710,52,762,953,41,994,12811435
442,베를린,2,137036,1767,0,1,3,1.0,8.83,971,252,1223,1106,531,1637,7166532
444,남자사용설명서,7,3766,11,0,1,3,1.0,8.91,932,174,1106,511,70,581,507913
445,다이하드: 굿 데이 투 다이,3,69810,2402,1,1,3,1.0,8.49,279,103,382,63,82,145,1438056
446,신세계,8,4209,13,0,2,3,1.0,8.99,476,104,580,389,105,494,4682614
447,해양경찰 마르코,8,6998,378,2,3,3,1.0,9.19,117,16,133,23,6,29,181740
448,분노의 윤리학,4,37831,1472,0,2,3,1.0,9.1,128,27,155,84,90,174,225618
449,차이니즈 조디악,5,22192,1230,2,0,3,1.0,7.47,333,215,548,52,34,86,315314
450,스토커,6,21517,817,1,2,3,1.0,8.54,295,94,389,174,172,346,379241
451,잭 더 자이언트 킬러,3,113999,2124,1,0,3,1.0,9.46,123,15,138,177,76,253,956154
452,파파로티,7,3861,12,0,1,0,2.0,9.28,573,94,667,217,44,261,1716438
453,사이코메트리,10,1315,7,0,2,0,2.0,9.42,548,62,610,125,61,186,534273
454,오즈 그레이트 앤드 파워풀,4,19337,1625,1,3,0,2.0,9.05,116,27,143,60,35,95,350563
455,연애의 온도,10,1344,7,0,2,0,2.0,8.62,354,90,444,296,163,459,1865354
456,웜 바디스,10,3008,9,1,1,0,2.0,9.54,789,82,871,340,73,413,1169839
457,장고:분노의 추적자,5,21879,1209,1,2,0,2.0,8.23,291,158,449,130,62,192,260405
458,런닝맨,10,2179,10,0,1,0,2.0,9.17,669,102,771,135,64,199,1422844
459,전설의 주먹,10,3019,12,0,2,0,2.0,8.29,447,183,630,198,77,275,1744585
460,지.아이.조 2,1,119732,3885,1,1,0,2.0,8.79,465,123,588,221,163,384,1855917
461,오블리비언,1,90976,2820,1,1,0,2.0,9.3,390,52,442,388,161,549,1515356
462,노리개,3,21086,1311,0,2,0,2.0,8.7,299,59,358,52,29,81,169064
463,송 포 유,5,13901,1135,2,0,0,2.0,9.38,295,46,341,34,4,38,217314
465,아이언맨 3,1,422504,6249,1,0,0,2.0,9.67,2659,135,2794,931,299,1230,9001679
466,고령화 가족,9,1972,8,0,1,0,2.0,8.81,237,58,295,89,49,138,1141222
467,몽타주,4,4710,15,0,1,0,2.0,8.79,209,49,258,189,40,229,2095592
468,미나문방구,5,2758,14,0,3,0,2.0,7.63,2078,1060,3138,137,73,210,334323
469,분노의 질주: 더 맥시멈,6,3139,13,1,1,0,2.0,9.68,488,25,513,262,32,294,1790491
470,스타트렉 다크니스,9,1220,4,1,0,0,2.0,9.42,559,77,636,328,56,384,1607555
471,위대한 개츠비,1,93346,2407,1,1,0,2.0,9.26,212,27,239,142,71,213,1445217
472,비포 미드나잇,9,1490,6,1,2,0,2.0,9.56,191,11,202,52,17,69,209591
473,은밀하게 위대하게,9,4519,15,0,1,1,2.0,9.59,11689,711,12400,2570,755,3325,6959083
474,무서운 이야기 2,9,2488,11,0,1,1,2.0,8.76,600,143,743,331,177,508,495535
475,애프터 어스,2,70044,2499,1,0,0,2.0,8.35,185,74,259,335,214,549,537920
476,백악관 최후의 날,5,19058,1122,1,2,1,2.0,8.08,311,125,436,132,49,181,181257
477,월드 워 Z,9,2496,12,1,1,1,2.0,9.29,859,139,998,521,313,834,5237525
478,맨 오브 스틸,1,178949,4415,1,0,1,2.0,9.33,845,101,946,897,314,1211,2182227
479,더 웹툰: 예고살인,6,3391,15,0,1,1,2.0,8.6,347,106,453,107,69,176,1201033
480,감시자들,9,1464,5,0,1,1,0.0,8.34,839,248,1087,286,167,453,5508359
481,화이트 하우스 다운,9,1814,5,1,1,1,2.0,8.47,118,49,167,74,59,133,569500
482,론 레인저,3,42702,1662,1,1,1,0.0,8.78,157,48,205,73,66,139,388235
483,미스터 고,7,1469,6,0,0,1,0.0,8.52,4512,1103,5615,888,326,1214,1329061
484,퍼시픽 림,9,1277,4,1,0,1,0.0,8.55,693,222,915,533,458,991,2539115
485,레드: 더 레전드,1,131462,2289,1,1,1,0.0,8.79,302,72,374,224,112,336,3004649
486,설국열차,8,2686,12,0,1,1,0.0,8.17,2919,1349,4268,2802,2174,4976,9350351
487,더 테러 라이브,9,2223,11,0,1,1,0.0,7.64,1364,687,2051,697,218,915,5584139
488,더 울버린,10,1673,8,1,1,1,0.0,7.75,379,232,611,411,403,814,1075333
490,감기,4,57906,515,0,1,1,0.0,7.83,1336,683,2019,635,283,918,3117859
491,나우 유 씨 미 : 마술사기단,2,146606,2344,1,0,1,0.0,9.38,343,44,387,588,150,738,2718237
492,잡스,10,2135,8,1,0,1,0.0,8.49,672,178,850,249,108,357,225343
493,엘리시움,1,132038,2347,1,2,1,0.0,9.01,329,62,391,145,210,355,1207732
494,스파이,8,7932,37,0,1,2,0.0,9.38,422,81,503,130,45,175,2318748
495,관상,10,1650,8,0,1,2,0.0,9.51,1467,111,1578,666,328,994,9135806
496,퍼시 잭슨과 괴물의 바다,8,2017,8,1,0,2,0.0,8.66,404,113,517,103,27,130,519584
497,섀도우 헌터스: 뼈의 도시,3,34177,1556,1,1,2,0.0,8.05,164,74,238,92,56,148,571074
498,소원,7,4692,22,0,0,2,2.0,9.45,2604,218,2822,386,44,430,2711094
499,히든 카드,4,23283,1785,1,2,2,0.0,8.59,49,10,59,14,31,45,151476
500,깡철이,9,2675,12,0,1,2,2.0,9.06,578,85,663,336,128,464,1209363
501,프리즈너스,5,24147,1088,1,2,2,2.0,9.16,87,21,108,50,25,75,188760
502,화이: 괴물을 삼킨 아이,10,2572,8,0,2,2,2.0,9.23,598,79,677,390,175,565,2394487
503,밤의 여왕,8,2146,6,0,1,2,2.0,8.99,314,68,382,44,34,78,252475
504,롤러코스터,8,2308,10,0,1,2,2.0,8.94,280,62,342,332,103,435,270156
505,캡틴 필립스,7,4678,48,1,1,2,2.0,9.26,205,38,243,65,9,74,242268
506,공범,8,4006,18,0,1,2,2.0,9.0,280,49,329,97,89,186,1766285
507,톱스타,8,1913,9,0,1,2,2.0,8.37,124,40,164,69,39,108,175153
508,응징자,10,1625,7,0,2,2,2.0,8.63,151,46,197,62,51,113,192347
509,노브레싱,10,3406,14,0,1,2,2.0,9.11,1965,263,2228,588,152,740,451669
510,동창생,8,3379,12,0,1,2,2.0,9.41,2270,188,2458,386,164,550,1048280
511,토르: 다크 월드,1,114775,3108,1,0,2,2.0,9.47,596,56,652,221,60,281,3040115
512,결혼전야,10,2342,10,0,1,2,2.0,8.86,313,84,397,113,35,148,1214839
513,친구 2,9,2958,16,0,2,2,2.0,7.54,1431,711,2142,272,367,639,2971475
514,어바웃 타임,10,1942,17,2,1,3,1.0,9.62,271,25,296,179,19,198,3396313
515,더 파이브,2,47976,2290,0,2,2,2.0,9.02,447,89,536,134,80,214,731212
516,열한시,9,2461,11,0,1,2,2.0,8.43,202,57,259,178,121,299,870785
517,헝거게임: 캣칭 파이어,10,1804,10,1,1,2,2.0,9.15,405,59,464,165,58,223,1127373
518,창수,9,2949,13,0,2,2,2.0,9.45,435,38,473,177,96,273,429141
519,인시디어스: 두번째 집,2,47414,1482,1,1,3,1.0,8.69,183,45,228,56,43,99,577758
520,이스케이프 플랜,5,18880,895,1,2,3,1.0,8.85,82,30,112,66,19,85,292893
521,집으로 가는 길,1,90148,2769,0,1,3,1.0,7.47,833,336,1169,162,66,228,1854711
522,변호인,10,4132,16,0,1,3,1.0,6.08,14882,11765,26647,3324,3848,7172,11374892
523,호빗: 스마우그의 폐허,1,139601,2983,1,0,3,1.0,9.72,963,40,1003,340,69,409,2282807
524,캐치미,9,2122,10,0,0,3,1.0,9.36,701,69,770,90,30,120,494126
525,용의자,9,2761,11,0,1,3,1.0,9.28,788,107,895,636,114,750,4131963
526,엔더스 게임,9,4069,16,1,0,3,1.0,9.12,988,136,1124,218,143,361,654480
527,플랜맨,10,9647,46,0,1,3,1.0,9.09,438,69,507,169,36,205,635744
528,더 울프 오브 월스트리트,6,38282,980,1,2,3,1.0,9.28,139,21,160,96,54,150,586005
529,잭 라이언 : 코드네임 쉐도우,3,42588,1950,1,0,3,1.0,9.08,89,14,103,201,72,273,327591
530,피끓는 청춘,2,157026,2641,0,1,3,1.0,9.38,1151,134,1285,400,194,594,1676040
531,수상한 그녀,3,142843,2672,0,1,3,1.0,9.55,1367,114,1481,427,82,509,8659755
532,남자가 사랑할 때,4,98730,2212,0,1,3,1.0,9.08,396,63,459,324,72,396,1980120
533,조선미녀삼총사,10,2561,10,0,0,3,1.0,7.46,734,364,1098,207,182,389,480361
534,또 하나의 약속,6,4382,26,0,0,3,1.0,9.76,3995,128,4123,515,49,564,497994
535,관능의 법칙,6,4534,23,0,2,3,1.0,7.64,129,87,216,54,54,108,781516
536,폴리스 스토리 2014,8,17114,671,2,1,3,1.0,9.69,288,16,304,53,15,68,153591
537,프랑켄슈타인: 불멸의 영웅,4,43029,1730,1,0,3,1.0,7.71,76,50,126,42,76,118,299205
538,로보캅,2,92373,2833,1,0,3,1.0,8.34,314,144,458,145,133,278,979509
539,찌라시: 위험한 소문,1,91576,2193,0,1,3,1.0,8.33,153,52,205,181,92,273,1221420
540,폼페이: 최후의 날,2,76924,2419,1,1,3,1.0,8.71,124,41,165,149,104,253,1373888
541,논스톱,1,115832,2551,1,1,3,1.0,9.45,294,36,330,373,88,461,2084457
542,노예 12년,6,21698,972,1,1,3,1.0,9.36,699,84,783,75,30,105,499038
543,300: 제국의 부활,1,119549,3601,1,2,0,2.0,8.47,199,77,276,117,139,256,1593116
544,우아한 거짓말,2,54153,2313,0,0,0,2.0,9.58,502,42,544,77,26,103,1619871
545,노아,1,177380,3645,1,1,0,2.0,9.3,536,67,603,250,283,533,2026574
546,캡틴 아메리카: 윈터 솔져,1,166787,4467,1,1,0,2.0,9.34,369,44,413,530,84,614,3963964
547,방황하는 칼날,7,2461,11,0,2,0,2.0,9.16,250,40,290,99,55,154,989593
548,쓰리데이즈 투 킬,6,2538,11,1,1,0,2.0,9.34,181,25,206,126,34,160,229644
549,다이버전트,3,30913,1918,1,1,0,2.0,8.55,119,40,159,57,50,107,424086
550,어메이징 스파이더맨 2,1,192229,5470,1,0,0,2.0,9.03,566,112,678,353,220,573,4164946
551,역린,9,4079,25,0,1,0,2.0,9.05,1099,182,1281,669,633,1302,3849700
552,라스트베가스,9,3169,30,1,1,0,2.0,9.59,325,28,353,40,10,50,177938
553,표적,8,4304,18,0,1,0,2.0,9.15,217,30,247,232,144,376,2841884
554,인간중독,10,1172,4,0,2,0,2.0,7.81,187,84,271,180,177,357,1441990
555,끝까지 간다,9,2076,15,0,1,0,2.0,9.57,908,87,995,198,51,249,3450305
556,트랜센던스,3,47918,1872,1,0,0,2.0,8.91,284,73,357,148,98,246,696412
557,고질라,2,89080,2760,1,0,0,2.0,7.95,336,127,463,239,277,516,709734
558,엑스맨: 데이즈 오브 퓨처 패스트,9,2077,10,1,0,0,2.0,9.16,565,120,685,761,165,926,4313446
559,오큘러스,10,1061,6,1,1,0,2.0,8.3,61,26,87,93,60,153,279438
560,말레피센트,3,56603,2275,1,0,0,2.0,9.57,154,16,170,152,79,231,1396899
561,우는 남자,7,4359,19,0,2,1,2.0,8.16,265,112,377,188,315,503,603093
562,하이힐,7,4607,27,0,2,1,2.0,8.63,204,70,274,0,0,0,343487
563,엣지 오브 투모로우,2,78614,1376,1,0,1,2.0,9.23,303,61,364,810,208,1018,4697209
564,황제를 위하여,3,39397,1150,0,2,1,2.0,8.66,236,70,306,73,109,182,591502
565,트랜스포머: 사라진 시대,1,467419,6734,1,0,1,2.0,6.19,1654,1882,3536,542,772,1314,5295929
566,신의 한 수,9,2329,8,0,2,1,0.0,8.82,388,106,494,450,165,615,3566844
567,소녀괴담,5,24638,920,0,1,1,0.0,7.47,115,67,182,238,241,479,481707
568,좋은 친구들,3,35010,1829,0,2,0,2.0,7.94,127,65,192,237,95,332,407323
569,혹성탈출: 반격의 서막,1,201723,3932,1,0,1,0.0,8.88,295,60,355,576,123,699,4002539
570,군도: 민란의 시대,7,4298,19,0,1,1,0.0,9.28,1537,204,1741,947,1404,2351,4775811
571,주온 : 끝의 시작,3,48923,1628,2,1,1,0.0,8.56,341,201,542,145,122,267,410644
572,명량,7,5369,28,0,1,1,0.0,8.64,1324,348,1672,2840,612,3452,17615437
573,해적: 바다로 간 산적,8,1708,7,0,0,1,0.0,8.11,1170,487,1657,878,356,1234,8666208
574,해무(海霧),7,4310,18,0,2,1,0.0,9.01,1273,198,1471,798,454,1252,1475091
575,"안녕, 헤이즐",8,4015,23,1,0,1,0.0,9.39,259,38,297,165,31,196,749146
576,익스펜더블 3,6,18971,1175,1,1,1,0.0,9.04,317,65,382,56,20,76,152033
577,타짜-신의 손,9,4675,22,0,2,2,0.0,4.38,1052,2393,3445,476,699,1175,4015364
578,인투 더 스톰,1,97234,2385,1,0,1,0.0,9.02,322,65,387,252,72,324,2078825
579,닌자터틀,5,48055,2484,1,0,1,0.0,8.09,213,96,309,91,59,150,400333
580,두근두근 내 인생,10,2363,12,0,0,2,0.0,5.62,1542,1602,3144,448,170,618,1624573
581,루시,2,143617,2439,1,2,2,0.0,7.99,406,204,610,209,268,477,1974843
582,스텝 업: 올 인,6,32719,876,1,0,2,0.0,9.42,283,32,315,86,42,128,565049
583,메이즈 러너,10,1124,7,1,0,2,0.0,9.3,414,57,471,961,220,1181,2299751
584,툼스톤,4,25970,1722,1,2,2,0.0,9.42,113,14,127,71,57,128,242770
585,제보자,7,3698,17,0,0,2,2.0,8.57,419,134,553,176,53,229,1755181
586,애나벨,7,4906,183,1,1,2,2.0,8.96,108,17,125,170,123,293,926107
587,마담 뺑덕,10,3102,23,0,2,2,2.0,8.02,177,105,282,211,115,326,471248
588,슬로우 비디오,2,98673,3171,0,0,2,2.0,9.07,869,124,993,428,97,525,1169546
589,"극장판 파워레인저 다이노포스VS고버스터즈 공룡 대결전! ~안녕, 영원한 친구여!~",8,4251,281,2,3,2,2.0,9.14,81,12,93,13,8,21,215046
590,나의 사랑 나의 신부,7,4223,23,0,1,2,2.0,9.17,246,39,285,182,37,219,2141155
591,드라큘라: 전설의 시작,2,74586,1884,1,1,2,2.0,8.73,85,28,113,101,58,159,1321718
592,노벰버 맨,4,29734,1867,1,1,2,2.0,8.73,69,17,86,149,26,175,252447
593,컬러풀 웨딩즈,5,16474,1482,2,0,2,2.0,9.41,91,15,106,56,15,71,190470
594,나의 독재자,10,3983,17,0,1,2,2.0,8.46,654,323,977,237,101,338,386074
595,나를 찾아줘,1,64919,2185,1,2,2,2.0,9.09,96,21,117,181,37,218,1764233
596,우리는 형제입니다,2,62171,2569,0,0,2,2.0,8.38,122,46,168,104,35,139,970377
597,레드카펫,4,26180,1673,0,1,2,2.0,8.85,213,44,257,132,26,158,316955
598,카트,8,3968,20,0,0,2,2.0,9.67,8365,415,8780,564,87,651,814621
599,패션왕,2,48348,2327,0,1,2,2.0,6.45,1041,1181,2222,196,230,426,594876
600,아빠를 빌려드립니다,9,1652,9,0,0,2,2.0,9.39,421,69,490,79,27,106,172652
601,퓨리,7,4177,14,1,1,2,2.0,9.21,226,35,261,197,79,276,1362105
602,헝거게임: 모킹제이,7,3627,16,1,1,2,2.0,9.42,404,35,439,494,208,702,854407
603,빅매치,7,2791,12,0,1,2,2.0,8.77,449,114,563,98,42,140,1177435
604,국제시장,8,2711,13,0,0,3,1.0,8.76,1015,214,1229,720,88,808,14262922
605,덤 앤 더머 투,7,7786,452,1,1,2,2.0,9.26,193,25,218,45,36,81,192739
606,덕수리 5형제,9,3120,15,0,1,3,1.0,8.47,198,50,248,169,44,213,210775
607,엑소더스: 신들과 왕들,9,2216,6,1,0,3,1.0,9.04,275,45,320,391,156,547,1511845
609,"러브, 로지",5,27335,1467,2,1,3,1.0,8.85,89,22,111,59,31,90,296748
610,기술자들,10,4083,12,0,1,3,1.0,8.84,810,168,978,303,297,600,2564340
611,호빗: 다섯 군대 전투,1,188655,4051,1,0,3,1.0,9.61,831,57,888,460,169,629,2836777
612,상의원,7,4908,24,0,1,3,1.0,8.75,404,120,524,135,103,238,790370
613,숲속으로,6,55379,1218,1,3,3,1.0,9.6,140,15,155,68,134,202,341882
614,패딩턴,10,7937,38,2,3,3,1.0,9.64,90,9,99,51,7,58,339014
615,테이큰 3,3,144535,1684,1,1,3,1.0,8.9,333,89,422,522,282,804,2006564
616,언브로큰,5,26707,1489,1,1,3,1.0,9.66,164,13,177,96,30,126,256802
617,워킹걸,8,14281,964,0,2,3,1.0,3.93,600,2186,2786,153,91,244,151584
618,오늘의 연애,2,133838,2798,0,1,3,1.0,9.28,860,97,957,456,242,698,1892125
619,허삼관,3,73635,2684,0,0,3,1.0,9.0,668,118,786,346,112,458,956103
620,박물관이 살아있다 : 비밀의 무덤,4,51438,2262,1,3,3,1.0,9.4,146,21,167,66,32,98,1101768
621,아메리칸 스나이퍼,5,19229,837,1,2,3,1.0,9.14,80,20,100,65,21,86,345782
622,강남 1970,1,152329,2816,0,2,3,1.0,9.32,1186,131,1317,504,202,706,2192276
623,내 심장을 쏴라,4,60407,2191,0,1,3,1.0,9.18,366,53,419,191,76,267,387408
624,워터 디바이너,6,19516,1156,1,1,3,1.0,9.21,90,17,107,64,17,81,136275
625,쎄시봉,1,96139,3918,0,1,3,1.0,2.95,1571,6403,7974,354,558,912,1715370
626,주피터 어센딩,2,44373,2436,1,0,3,1.0,8.32,118,51,169,134,122,256,309842
627,조선명탐정 : 사라진 놉의 딸,1,113443,3670,0,0,3,1.0,8.45,222,89,311,118,69,187,3872015
628,킹스맨 : 시크릿 에이전트,2,78058,2358,1,2,3,1.0,9.32,141,27,168,312,59,371,6129651
629,이미테이션 게임,3,75824,1503,2,1,3,1.0,9.0,353,89,442,213,33,246,1744213
630,백 투 더 비기닝,5,20202,854,1,1,3,1.0,7.99,87,49,136,177,94,271,266610
631,기생수 파트1,6,18653,514,2,2,3,1.0,8.05,184,99,283,93,44,137,187310
632,순수의 시대,2,61795,2569,0,2,0,2.0,8.89,236,56,292,222,159,381,470308
633,헬머니,3,35936,1901,0,2,0,2.0,7.83,177,90,267,46,38,84,523871
634,버드맨,4,20555,1366,1,2,0,2.0,7.99,1604,540,2144,108,38,146,206241
635,살인의뢰,1,80774,2492,0,2,0,2.0,8.61,195,64,259,184,156,340,855988
636,채피,3,45334,2534,1,1,0,2.0,8.84,207,47,254,291,85,376,573661
637,스물,10,4238,22,0,1,0,2.0,9.04,702,111,813,416,167,583,3044859
639,런 올 나이트,4,27969,1704,1,2,0,2.0,9.04,101,25,126,53,19,72,289534
640,인서전트,10,2059,10,1,1,0,2.0,8.9,194,43,237,87,50,137,282707
641,분노의 질주: 더 세븐,1,135549,3642,1,1,0,2.0,9.71,693,35,728,297,24,321,3248904
642,장수상회,8,2492,10,0,0,0,2.0,9.23,761,93,854,155,23,178,1166229
644,어벤져스: 에이지 오브 울트론,9,2442,9,1,0,0,2.0,9.52,2660,209,2869,1272,601,1873,10494840
645,위험한 상견례 2,10,806,3,0,1,0,2.0,8.87,305,59,364,81,42,123,472695
646,악의 연대기,10,1861,8,0,1,0,2.0,8.45,172,63,235,240,115,355,2192525
647,언프렌디드: 친구삭제,3,21884,773,1,1,0,2.0,8.47,94,33,127,29,47,76,219892
648,연애의 맛,4,16462,1452,0,2,0,2.0,8.78,80,17,97,104,33,137,214539
649,간신,9,2828,14,0,2,0,2.0,8.31,391,185,576,355,137,492,1110274
650,무뢰한,7,3062,14,0,2,0,2.0,9.53,181,19,200,202,88,290,414663
651,투모로우랜드,6,22850,1027,1,0,0,2.0,9.02,109,22,131,49,55,104,265810
652,은밀한 유혹,9,3035,12,1,3,0,2.0,8.76,197,42,239,92,55,147,145697
653,연평해전,9,3993,15,0,0,1,2.0,9.45,4879,368,5247,2261,305,2566,6044956
654,샌 안드레아스,1,92875,3876,1,0,1,2.0,8.84,201,65,266,211,89,300,1716455
655,극비수사,10,1328,6,0,1,1,2.0,8.74,190,45,235,244,168,412,2860786
656,경성학교: 사라진 소녀들,9,1605,6,0,1,1,2.0,8.84,182,43,225,318,212,530,356436
657,나의 절친 악당들,7,2267,9,0,2,1,2.0,9.06,278,39,317,277,102,379,133555
658,소수의견,6,6390,24,0,1,1,2.0,6.95,730,414,1144,276,109,385,383582
659,19곰 테드 2,6,18211,927,1,2,1,2.0,9.04,72,13,85,47,28,75,170649
660,터미네이터 제니시스,1,253699,5944,1,1,1,0.0,7.35,818,476,1294,658,338,996,3240378
662,인시디어스 3,5,38555,1036,1,1,1,0.0,8.61,137,41,178,99,41,140,825517
663,암살,10,1932,6,0,1,1,0.0,8.3,675,236,911,1248,285,1533,12706663
665,베테랑,8,8053,39,0,1,1,0.0,8.89,569,117,686,887,181,1068,13414200
666,미션 임파서블: 로그네이션,1,471801,6264,1,1,1,0.0,9.59,369,25,394,621,214,835,6126488
667,미쓰 와이프,8,1952,10,0,1,1,0.0,8.56,453,153,606,133,44,177,988451
668,뷰티 인사이드,8,3255,11,0,0,1,0.0,5.65,1214,1449,2663,275,234,509,2057996
669,"협녀, 칼의 기억",7,2911,11,0,1,1,0.0,6.56,664,579,1243,328,328,656,431310
670,판타스틱 4,4,63458,2164,1,0,1,0.0,8.06,1128,370,1498,98,253,351,399610
671,치외법권,4,49585,2060,0,1,1,0.0,8.38,215,67,282,219,162,381,346483
672,아메리칸 울트라,5,30139,1260,1,2,1,0.0,9.0,191,52,243,53,109,162,161383
674,메이즈 러너: 스코치 트라이얼,9,3810,14,1,0,2,0.0,9.38,751,96,847,348,137,485,2744422
675,앤트맨,1,174587,4584,1,0,2,0.0,7.77,148,55,203,885,367,1252,5448134
676,오피스,3,46567,1842,0,1,2,0.0,8.19,167,91,258,78,97,175,441208
678,탐정 : 더 비기닝,8,1816,9,0,1,2,0.0,8.43,279,107,386,149,67,216,2625686
679,서부전선,7,2032,6,0,0,2,0.0,8.12,837,265,1102,392,266,658,609063
680,에베레스트,9,1006,2,1,0,2,0.0,9.09,82,22,104,58,42,100,333038
681,마션,10,1712,6,1,0,2,2.0,9.6,567,50,617,489,157,646,4881865
682,인턴,4,50009,1473,1,0,2,0.0,9.54,127,13,140,148,36,184,3611166
683,성난 변호사,2,89466,2839,0,1,2,2.0,7.91,166,86,252,132,56,188,1131154
684,팬,6,15998,1451,1,3,2,2.0,8.8,64,22,86,100,35,135,186174
685,특종: 량첸살인기,10,1560,6,0,1,2,2.0,8.48,193,84,277,271,125,396,616481
686,트랜스포터: 리퓰드,4,20329,1354,2,1,2,2.0,8.32,394,150,544,59,25,84,161245
687,더 폰,10,6687,26,0,1,2,2.0,9.25,448,76,524,263,124,387,1596762
688,그놈이다,8,2564,13,0,1,2,2.0,9.31,219,30,249,294,168,462,1046313
689,스파이 브릿지,10,1484,6,1,0,2,2.0,9.28,166,30,196,61,17,78,266493
690,하늘을 걷는 남자,6,19675,1271,1,0,2,2.0,9.29,79,18,97,80,14,94,238439
691,검은 사제들,9,3696,19,0,1,2,2.0,8.48,385,132,517,794,256,1050,5443049
692,더 셰프,3,19128,1733,1,1,2,2.0,8.95,121,45,166,43,28,71,187152
693,내부자들,10,3116,15,0,2,2,2.0,7.77,920,391,1311,1003,184,1187,7072501
694,007 스펙터,2,186718,4436,2,1,2,2.0,9.25,220,33,253,264,248,512,1820839
695,헝거게임: 더 파이널,4,46781,1094,1,1,2,2.0,8.65,240,56,296,145,60,205,806737
696,열정같은소리하고있네,10,2402,8,0,1,2,2.0,9.24,389,52,441,249,125,374,654407
697,도리화가,8,2165,11,0,0,2,2.0,7.81,693,283,976,595,359,954,317505
698,하트 오브 더 씨,2,44675,2331,1,0,3,1.0,8.97,101,28,129,129,42,171,809841
699,극적인 하룻밤,3,35140,1847,0,2,3,1.0,8.61,76,19,95,108,38,146,321641
700,히말라야,10,3997,16,0,0,3,1.0,8.18,389,159,548,537,236,773,7759711
701,대호,8,5404,23,0,0,3,1.0,8.28,395,158,553,394,200,594,1762733
702,레전드,3,31949,1608,2,2,3,1.0,9.46,76,8,84,130,85,215,180091
703,스타워즈: 깨어난 포스,8,2500,9,1,0,3,1.0,9.02,501,108,609,605,321,926,3273873
704,구스범스,10,1949,9,1,0,3,1.0,8.65,524,244,768,154,39,193,305131
705,조선마술사,2,115456,2437,0,0,3,1.0,7.79,279,124,403,269,333,602,627586
706,셜록: 유령신부,2,396224,3256,2,0,3,1.0,9.66,289,19,308,756,838,1594,1278885
707,나를 잊지 말아요,4,63347,2317,0,1,3,1.0,8.34,176,59,235,339,290,629,427113
708,포인트 브레이크,6,32809,1137,1,1,3,1.0,8.97,185,39,224,148,61,209,295096
709,레버넌트: 죽음에서 돌아온 자,1,124146,2390,1,1,3,1.0,8.61,690,254,944,454,198,652,2007649
710,그날의 분위기,2,67607,2854,0,1,3,1.0,8.32,212,72,284,201,109,310,653226
711,오빠생각,7,10614,83,0,0,3,1.0,9.06,577,102,679,499,100,599,1069962
712,"로봇, 소리",7,5020,22,0,0,3,1.0,9.18,718,103,821,419,80,499,476653
713,순정,9,3688,12,0,0,3,1.0,9.3,984,112,1096,537,78,615,240661
714,빅쇼트,3,27454,1236,1,2,3,1.0,8.96,82,22,104,137,37,174,447220
715,검사외전,10,3285,14,0,1,3,1.0,9.01,631,110,741,953,371,1324,9707119
716,좋아해줘,7,1631,7,0,0,3,1.0,9.19,321,41,362,273,67,340,848117
717,데드풀,3,41878,240,1,2,3,1.0,9.25,1124,236,1360,889,282,1171,3317184
719,동주,5,19124,1084,0,0,3,1.0,9.28,210,30,240,344,18,362,1175875
720,남과 여,8,4072,14,2,3,2,2.0,8.52,205,54,259,64,58,122,203729
721,스포트라이트,8,21951,999,1,1,3,1.0,9.31,78,11,89,68,20,88,301125
722,제 5침공,9,19795,663,1,0,3,1.0,7.53,126,64,190,152,159,311,135874
723,갓 오브 이집트,2,56814,2255,1,0,0,2.0,8.18,91,36,127,256,107,363,910345
724,13시간,6,11943,1162,1,1,0,2.0,8.49,77,32,109,36,17,53,145955
725,널 기다리며,2,41956,2292,0,2,0,2.0,9.38,661,78,739,246,66,312,635177
726,런던 해즈 폴른,3,36440,2392,1,1,0,2.0,8.27,117,48,165,91,30,121,731584
727,조이,6,16799,1500,1,0,0,2.0,9.37,248,30,278,74,22,96,172199
728,부활,9,4413,263,1,0,0,2.0,8.71,41,10,51,35,2,37,176539
729,배트맨 대 슈퍼맨: 저스티스의 시작,2,18435,406,1,0,0,2.0,8.47,824,304,1128,939,1030,1969,2256691
730,대배우,8,3255,11,0,0,0,2.0,9.0,151,33,184,148,52,200,169983
731,미스컨덕트,4,23224,1082,1,1,0,2.0,8.49,179,49,228,162,111,273,149088
732,독수리 에디,5,5908,27,1,0,0,2.0,9.36,288,37,325,216,24,240,226318
733,클로버필드 10번지,3,17651,1480,1,1,0,2.0,8.81,288,111,399,274,136,410,357736
734,해어화,6,2530,19,0,1,0,2.0,6.08,1005,1060,2065,349,206,555,485695
735,"날, 보러와요",1,42192,2067,0,2,0,2.0,8.16,85,31,116,92,62,154,1063286
736,위대한 소원,6,4094,20,0,1,0,2.0,8.93,285,49,334,64,16,80,308457
737,시간이탈자,9,2753,23,0,1,0,2.0,8.94,309,66,375,409,249,658,1202168
738,헌츠맨: 윈터스 워,3,111569,2366,1,0,0,2.0,8.05,108,47,155,252,165,417,444927
739,캡틴 아메리카: 시빌 워,1,727949,9067,1,0,0,2.0,9.46,1043,99,1142,2747,752,3499,8678117
740,탐정 홍길동: 사라진 마을,7,2709,24,0,1,0,2.0,8.47,256,78,334,363,129,492,1430885
741,계춘할망,9,2167,11,0,1,0,2.0,9.01,383,82,465,155,49,204,482784
742,특별수사: 사형수의 편지,3,3446,16,0,1,1,2.0,8.85,293,80,373,313,66,379,1243065
743,곡성,7,2152,5,0,1,0,2.0,8.85,666,144,810,2022,1359,3381,6879989
744,미 비포 유,8,1541,4,1,0,1,2.0,9.57,308,41,349,127,30,157,945172
745,다이버전트 시리즈: 얼리전트,4,5743,787,1,0,0,2.0,8.79,122,32,154,35,15,50,103565
746,정글북,9,1003,3,1,0,1,2.0,9.53,247,24,271,242,99,341,2537438
747,엑스맨: 아포칼립스,9,1933,7,1,0,0,2.0,9.1,631,124,755,1160,517,1677,2938771
748,컨저링 2,10,1841,9,1,1,1,2.0,8.95,149,27,176,190,91,281,1928605
750,굿바이 싱글,10,2040,8,0,1,1,2.0,9.39,1108,199,1307,325,147,472,2108561
751,워크래프트: 전쟁의 서막,1,114226,3212,1,0,1,2.0,9.23,1390,176,1566,979,306,1285,1163223
752,닌자터틀 : 어둠의 히어로,6,27009,2162,1,0,1,2.0,9.16,363,90,453,199,62,261,235211
753,인디펜던스 데이 : 리써전스,10,2307,7,1,0,1,2.0,9.23,621,82,703,702,626,1328,1500744
754,비밀은 없다,2,53485,2334,0,2,1,2.0,8.73,133,40,173,255,224,479,250904
756,레전드 오브 타잔,3,84540,2595,1,0,1,2.0,8.57,79,26,105,217,152,369,858406
757,봉이 김선달,1,136701,3393,0,0,1,0.0,8.83,719,144,863,772,277,1049,2051386
758,나우 유 씨 미 2,4,92948,885,1,0,1,0.0,8.81,986,308,1294,743,241,984,3100113
759,부산행,2,119757,670,0,1,1,0.0,8.23,3300,1846,5146,2920,1530,4450,11566874
760,인천상륙작전,10,1746,7,0,0,1,0.0,7.57,1290,773,2063,3181,1448,4629,7050475
761,제이슨 본,3,308768,3726,1,1,1,0.0,9.78,619,25,644,1821,529,2350,2611969
762,국가대표 2,10,3938,29,0,0,1,0.0,8.96,1411,329,1740,574,112,686,710117
763,덕혜옹주,10,3103,19,0,0,1,0.0,8.23,1367,485,1852,1019,288,1307,5599995
764,수어사이드 스쿼드,1,397666,3408,1,1,1,0.0,7.67,727,365,1092,1087,1416,2503,1898220
765,터널,9,6056,25,0,0,1,0.0,8.28,393,152,545,954,398,1352,7120780
766,마이 리틀 자이언트,10,13004,213,1,3,1,0.0,8.97,61,14,75,22,2,24,125800
767,스타트렉 비욘드,3,83066,3501,1,0,1,0.0,9.3,488,85,573,156,64,220,1157472
768,라이트 아웃,2,57997,1730,1,1,1,0.0,8.3,134,76,210,124,89,213,1111284
769,고스트버스터즈,4,32371,1325,1,0,1,0.0,8.12,244,94,338,179,82,261,515553
770,메카닉: 리크루트,2,95756,1548,1,1,1,0.0,9.24,89,16,105,98,69,167,551897
771,"고산자, 대동여지도",6,8568,40,0,3,2,0.0,8.03,347,140,487,237,84,321,974262
772,밀정,10,4457,24,0,1,2,0.0,8.75,349,93,442,621,374,995,7500457
773,거울나라의 앨리스,3,19058,1575,1,0,2,0.0,9.16,432,91,523,61,25,86,513202
774,매그니피센트 7,10,2083,6,1,1,2,0.0,8.98,301,78,379,391,216,607,921317
775,벤허,5,18107,990,1,3,2,0.0,8.12,149,74,223,263,87,350,1400397
776,브리짓 존스의 베이비,8,3360,13,1,1,2,0.0,8.72,512,122,634,286,41,327,820995
777,아수라,9,2007,9,2,2,0,2.0,8.31,506,185,691,1286,2380,3666,2594545
778,설리: 허드슨강의 기적,10,1714,4,1,0,2,0.0,9.42,234,43,277,144,34,178,627424
779,맨 인 더 다크,9,3809,16,1,2,2,2.0,8.93,405,133,538,155,83,238,1003406
780,럭키,7,5007,26,2,1,1,2.0,9.35,1800,344,2144,636,187,823,6975571
781,미스 페레그린과 이상한 아이들의 집,2,80715,1890,1,0,2,0.0,9.55,138,13,151,362,108,470,2718160
782,피터와 드래곤,8,2443,320,1,3,2,0.0,8.67,20,7,27,11,4,15,109137
783,바스티유 데이,10,2051,10,1,1,2,2.0,8.43,224,96,320,52,17,69,96579
784,인페르노,9,2485,19,1,1,2,2.0,8.95,82,19,101,211,78,289,689071
785,닥터 스트레인지,2,117917,2753,1,0,2,2.0,9.29,701,119,820,1674,507,2181,5447269
786,혼숨,3,32837,943,0,1,2,2.0,6.86,67,48,115,155,106,261,288016
787,스플릿,8,1877,9,0,1,2,2.0,9.48,348,45,393,187,28,215,758195
788,가려진 시간,9,3031,9,0,0,2,2.0,9.2,342,54,396,345,77,422,511369
789,위자: 저주의 시작,4,24843,1389,1,0,2,2.0,8.24,32,13,45,103,32,135,331886
790,형,9,2479,9,0,0,2,2.0,9.32,734,85,819,352,87,439,2982320
791,신비한 동물사전,10,1311,3,1,0,2,2.0,9.24,195,25,220,387,645,1032,2414064
792,미씽: 사라진 여자,10,2666,11,0,1,2,2.0,9.29,425,71,496,431,169,600,1153201
794,잭 리처: 네버 고 백,4,111255,2766,1,1,2,2.0,8.79,132,45,177,208,111,319,612328
795,"당신, 거기 있어줄래요",6,4829,48,0,0,3,1.0,9.48,1616,188,1804,369,86,455,1168782
796,마스터,10,2498,11,1,2,1,0.0,8.58,928,421,1349,736,447,1183,7147924
797,사랑하기 때문에,8,5556,26,0,0,3,1.0,9.05,398,68,466,326,56,382,340936
798,로그 원: 스타워즈 스토리,10,1725,34,1,0,3,1.0,8.8,255,67,322,533,191,724,1019285
799,패신저스,3,85044,2225,1,0,3,1.0,8.94,154,34,188,388,143,531,668977
800,어쌔신 크리드,2,60851,2383,1,1,3,1.0,8.92,744,174,918,455,237,692,355813
801,얼라이드,4,43776,2096,1,1,3,1.0,9.16,457,139,596,139,46,185,520478
802,더 킹,1,288966,5364,1,2,1,2.0,8.54,868,218,1086,991,393,1384,5317383
803,공조,2,151845,4126,0,1,3,1.0,8.51,485,128,613,617,185,802,7817654
804,레지던트 이블: 파멸의 날,3,71038,2068,1,2,3,1.0,8.19,396,164,560,293,114,407,765259
805,컨택트,3,54584,2223,1,0,3,1.0,7.73,940,526,1466,355,131,486,634150
806,조작된 도시,9,3000,10,0,1,3,1.0,8.92,591,114,705,884,303,1187,2515501
807,트리플 엑스 리턴즈,2,68598,2943,1,1,3,1.0,9.31,286,37,323,162,63,225,475309
808,50가지 그림자: 심연,5,24738,1304,1,2,3,1.0,8.28,104,40,144,131,50,181,189620
809,재심,1,121122,3577,0,1,3,1.0,9.31,239,31,270,345,92,437,2421197
810,그레이트 월,3,46451,3088,1,0,3,1.0,8.02,454,174,628,260,176,436,501486
811,더 큐어,5,25961,1204,1,2,3,1.0,9.27,105,16,121,454,124,578,159948
812,23 아이덴티티,1,137005,1925,1,1,3,1.0,8.64,127,42,169,553,358,911,1675819
813,싱글라이더,3,65584,2402,0,1,3,1.0,8.56,261,86,347,343,222,565,351276
814,존 윅 - 리로드,5,40988,1007,1,2,3,1.0,9.24,216,38,254,147,36,183,276428
815,핵소 고지,8,23123,1352,1,1,3,1.0,8.98,441,118,559,193,29,222,177821
816,로건,2,97994,2234,1,2,0,2.0,9.09,453,88,541,1391,285,1676,2169109
817,해빙,1,386128,3969,0,1,0,2.0,9.16,152,24,176,1278,1428,2706,1204600
818,히든 피겨스,8,5080,24,1,0,0,2.0,9.45,328,47,375,106,5,111,449518
819,콩: 스컬 아일랜드,1,93804,3927,1,0,0,2.0,8.44,529,176,705,292,193,485,1689079
821,비정규직 특수요원,4,21892,1763,0,1,0,2.0,8.3,581,172,753,198,99,297,149629
822,보통사람,6,2583,12,0,1,0,2.0,9.23,327,39,366,211,36,247,383336
823,원라인,8,2923,9,0,1,0,2.0,9.01,183,35,218,284,71,355,435142
824,공각기동대 : 고스트 인 더 쉘,3,114618,3784,1,1,0,2.0,8.14,631,265,896,639,413,1052,764072
825,어느날,9,2431,12,0,1,0,2.0,9.2,149,22,171,130,56,186,234829
826,라이프,6,5420,540,2,1,2,2.0,8.13,208,113,321,267,180,447,459986
827,분노의 질주: 더 익스트림,1,208481,6040,1,1,0,2.0,9.5,298,31,329,640,100,740,3653238
828,아빠는 딸,2,33396,2092,0,0,0,2.0,9.11,979,121,1100,82,52,134,647305
829,임금님의 사건수첩,6,4118,20,0,0,0,2.0,8.62,441,136,577,370,162,532,1635003
830,특별시민,8,2274,21,0,1,0,2.0,8.61,413,104,517,494,342,836,1362634
831,보안관,10,1323,13,0,1,0,2.0,8.29,145,53,198,418,201,619,2588628
832,킹 아서: 제왕의 검,9,2871,7,2,0,0,2.0,8.52,260,87,347,140,47,187,415714
833,가디언즈 오브 갤럭시 VOL. 2,1,148071,2563,1,0,0,2.0,9.38,473,69,542,1239,297,1536,2736060
834,석조저택 살인사건,8,1820,9,0,1,0,2.0,8.78,107,32,139,195,117,312,353517
835,에이리언: 커버넌트,1,279185,3592,1,1,0,2.0,9.27,564,84,648,1490,794,2284,1307226
836,불한당: 나쁜 놈들의 세상,8,5321,23,0,2,0,2.0,8.74,777,237,1014,547,144,691,954444
837,겟 아웃,2,92124,2641,1,1,0,2.0,8.22,657,369,1026,453,211,664,2138425
838,대립군,10,3549,11,0,1,0,2.0,9.08,437,75,512,885,210,1095,837500
839,원더 우먼,1,206944,4179,1,0,0,2.0,8.51,219,74,293,822,416,1238,2165407
840,미이라,1,873117,7039,1,1,1,2.0,9.02,293,62,355,1108,1096,2204,3689290
842,악녀,2,73305,2506,0,2,1,2.0,7.45,168,105,273,509,243,752,1208081
843,옥자,9,1521,5,1,0,1,2.0,7.65,444,254,698,1215,681,1896,322206
844,박열,10,1323,5,0,0,1,2.0,9.15,721,136,857,592,248,840,2359497
845,트랜스포머: 최후의 기사,9,1839,5,1,0,1,2.0,8.1,842,384,1226,1915,820,2735,2614234
846,리얼,10,2064,8,0,2,1,2.0,8.15,1512,481,1993,1180,2139,3319,470165
847,스파이더맨: 홈 커밍,9,3098,8,1,0,1,0.0,9.12,399,62,461,1116,362,1478,7258678
848,택시운전사,5,4036,12,0,1,1,0.0,8.5,2862,676,3538,4125,825,4950,12189195
849,플립,3,14315,634,1,2,3,1.0,9.44,3408,468,3876,62,13,75,355767
850,47 미터,2,72116,1914,2,1,1,0.0,8.16,198,87,285,155,124,279,590045
851,덩케르크,1,224242,7554,1,0,1,0.0,9.22,435,56,491,1120,492,1612,2792705
852,군함도,8,7921,35,0,1,1,0.0,8.54,2741,630,3371,4704,5420,10124,6592168
853,청년경찰,10,4025,23,0,1,1,0.0,8.77,1151,278,1429,1165,249,1414,5653444
854,애나벨 : 인형의 주인,10,3051,10,1,1,1,0.0,8.24,120,43,163,581,249,830,1934312
855,장산범,10,4262,19,0,1,1,0.0,8.24,296,124,420,550,375,925,1306438
856,혹성탈출: 종의 전쟁,2,568300,4683,1,0,1,0.0,9.13,424,84,508,1034,662,1696,2051351
857,브이아이피,10,4841,28,0,2,1,0.0,8.26,432,147,579,735,517,1252,1373342
858,킬러의 보디가드,1,123601,1739,1,1,1,0.0,9.36,141,22,163,181,62,243,1721824
859,발레리안: 천 개 행성의 도시,4,70846,2317,2,0,1,0.0,8.35,216,95,311,232,129,361,511931
860,아토믹 블론드,6,27662,1857,1,2,1,0.0,9.02,122,45,167,70,57,127,155368
861,살인자의 기억법,1,143580,4340,0,1,2,0.0,7.94,703,291,994,812,257,1069,2658589
862,그것,2,76925,3191,1,1,2,0.0,8.86,164,41,205,377,189,566,888836
863,아이 캔 스피크,7,7414,32,0,0,2,0.0,9.33,415,41,456,432,53,485,3282271
864,베이비 드라이버,2,30803,1740,2,1,2,0.0,9.09,87,15,102,86,35,121,823624
865,아메리칸 메이드,3,49188,2899,1,1,2,0.0,8.92,84,17,101,286,60,346,401550
866,범죄도시,9,4025,13,1,2,2,2.0,9.28,1047,162,1209,454,71,525,6880546
867,남한산성,7,3680,19,0,1,2,2.0,8.27,524,187,711,1012,498,1510,3849129
868,킹스맨: 골든 서클,1,481948,7621,1,2,2,0.0,8.98,547,120,667,1267,442,1709,4945486
869,블레이드 러너 2049,8,11660,153,1,1,2,2.0,8.97,771,145,916,270,108,378,322664
870,희생부활자,5,2895,9,0,1,2,2.0,8.88,189,45,234,422,192,614,323628
871,부라더,8,2351,9,0,0,2,2.0,9.11,660,164,824,259,116,375,1492903
872,대장 김창수,9,1803,12,0,0,2,2.0,6.69,286,213,499,373,133,506,381483
873,지오스톰,2,87805,3353,1,0,2,2.0,8.37,90,32,122,418,205,623,1028386
874,토르: 라그나로크,1,415741,7965,1,0,2,2.0,9.4,467,52,519,1293,479,1772,4858572
876,미옥,7,2098,7,0,2,2,2.0,8.36,154,45,199,259,226,485,242737
877,해피 데스데이,3,45059,2230,1,1,2,2.0,9.21,160,23,183,222,67,289,1382650
878,채비,6,13267,1149,0,0,2,2.0,9.47,236,30,266,198,11,209,177439
880,저스티스 리그,1,153553,4132,1,0,2,2.0,8.05,740,339,1079,802,485,1287,1786388
881,7호실,3,55985,2762,0,1,2,2.0,9.03,277,43,320,175,140,315,347823
882,기억의 밤,10,1752,7,0,1,2,2.0,9.25,301,48,349,515,188,703,1387779
883,오리엔트 특급 살인,3,94340,2485,1,0,2,2.0,9.0,206,61,267,342,157,499,864757
884,반드시 잡는다,4,59907,2591,0,1,2,2.0,8.45,207,56,263,180,99,279,446780
885,어쌔신: 더 비기닝,4,31793,2092,1,1,3,1.0,9.22,193,35,228,72,43,115,205544
886,강철비,9,4705,18,0,1,3,1.0,7.48,572,278,850,781,312,1093,4452755
887,스타워즈: 라스트 제다이,2,115246,4313,1,0,3,1.0,8.62,212,64,276,526,261,787,959578
888,신과함께-죄와 벌,7,7906,35,0,0,3,1.0,8.04,2894,1118,4012,1945,653,2598,14411675
889,위대한 쇼맨,3,40995,2736,1,0,3,1.0,9.61,486,41,527,706,55,761,1403026
