movies,grade,p_breviews,n_breviews,breviews,p_reviews,n_reviews,reviews,audience_cnt
7번방의 선물,9.53,710,52,762,953,41,994,12811435
감기,7.83,1336,683,2019,635,283,918,3117859
감시자들,8.34,839,248,1087,286,167,453,5508359
결혼전야,8.86,313,84,397,113,35,148,1214839
고령화 가족,8.81,237,58,295,89,49,138,1141222
공범,9.0,280,49,329,97,89,186,1766285
관상,9.51,1467,111,1578,666,328,994,9135806
깡철이,9.06,578,85,663,336,128,464,1209363
나우 유 씨 미 : 마술사기단,9.38,343,44,387,588,150,738,2718237
남자사용설명서,8.91,932,174,1106,511,70,581,507913
남쪽으로 튀어,8.73,291,79,370,162,97,259,832894
노리개,8.7,299,59,358,52,29,81,169064
노브레싱,9.11,1965,263,2228,588,152,740,451669
다이하드: 굿 데이 투 다이,8.49,279,103,382,63,82,145,1438056
더 울버린,7.75,379,232,611,411,403,814,1075333
더 웹툰: 예고살인,8.6,347,106,453,107,69,176,1201033
더 임파서블,8.07,201,106,307,121,67,188,625192
더 테러 라이브,7.64,1364,687,2051,697,218,915,5584139
더 파이브,9.02,447,89,536,134,80,214,731212
동창생,9.41,2270,188,2458,386,164,550,1048280
런닝맨,9.17,669,102,771,135,64,199,1422844
레드: 더 레전드,8.79,302,72,374,224,112,336,3004649
레미제라블,9.61,564,44,608,707,201,908,5920977
론 레인저,8.78,157,48,205,73,66,139,388235
롤러코스터,8.94,280,62,342,332,103,435,270156
마이 리틀 히어로,9.1,514,96,610,86,35,121,186141
맨 오브 스틸,9.33,845,101,946,897,314,1211,2182227
몽타주,8.79,209,49,258,189,40,229,2095592
무서운 이야기 2,8.76,600,143,743,331,177,508,495535
미나문방구,7.63,2078,1060,3138,137,73,210,334323
미스터 고,8.52,4512,1103,5615,888,326,1214,1329061
박수건달,8.98,652,170,822,339,75,414,3897969
반창꼬,9.15,653,102,755,431,75,506,2475797
밤의 여왕,8.99,314,68,382,44,34,78,252475
백악관 최후의 날,8.08,311,125,436,132,49,181,181257
베를린,8.83,971,252,1223,1106,531,1637,7166532
분노의 윤리학,9.1,128,27,155,84,90,174,225618
분노의 질주: 더 맥시멈,9.68,488,25,513,262,32,294,1790491
비포 미드나잇,9.56,191,11,202,52,17,69,209591
사이코메트리,9.42,548,62,610,125,61,186,534273
섀도우 헌터스: 뼈의 도시,8.05,164,74,238,92,56,148,571074
설국열차,8.17,2919,1349,4268,2802,2174,4976,9350351
소원,9.45,2604,218,2822,386,44,430,2711094
송 포 유,9.38,295,46,341,34,4,38,217314
숨바꼭질,9.11,574,108,682,633,220,853,5604106
스타트렉 다크니스,9.42,559,77,636,328,56,384,1607555
스토커,8.54,295,94,389,174,172,346,379241
신세계,8.99,476,104,580,389,105,494,4682614
아이언맨 3,9.67,2659,135,2794,931,299,1230,9001679
애프터 어스,8.35,185,74,259,335,214,549,537920
엘리시움,9.01,329,62,391,145,210,355,1207732
연애의 온도,8.62,354,90,444,296,163,459,1865354
열한시,8.43,202,57,259,178,121,299,870785
오블리비언,9.3,390,52,442,388,161,549,1515356
오즈 그레이트 앤드 파워풀,9.05,116,27,143,60,35,95,350563
월드 워 Z,9.29,859,139,998,521,313,834,5237525
웜 바디스,9.54,789,82,871,340,73,413,1169839
위대한 개츠비,9.26,212,27,239,142,71,213,1445217
은밀하게 위대하게,9.59,11689,711,12400,2570,755,3325,6959083
응징자,8.63,151,46,197,62,51,113,192347
이스케이프 플랜,8.85,82,30,112,66,19,85,292893
인시디어스: 두번째 집,8.69,183,45,228,56,43,99,577758
잡스,8.49,672,178,850,249,108,357,225343
장고:분노의 추적자,8.23,291,158,449,130,62,192,260405
잭 더 자이언트 킬러,9.46,123,15,138,177,76,253,956154
잭 리처,9.14,195,31,226,126,107,233,784031
전국노래자랑,8.61,660,166,826,328,117,445,978413
전설의 주먹,8.29,447,183,630,198,77,275,1744585
지.아이.조 2,8.79,465,123,588,221,163,384,1855917
집으로 가는 길,7.47,833,336,1169,162,66,228,1854711
차이니즈 조디악,7.47,333,215,548,52,34,86,315314
창수,9.45,435,38,473,177,96,273,429141
친구 2,7.54,1431,711,2142,272,367,639,2971475
캐치미,9.36,701,69,770,90,30,120,494126
캡틴 필립스,9.26,205,38,243,65,9,74,242268
클라우드 아틀라스,8.04,883,374,1257,311,151,462,453102
타워,7.88,954,436,1390,1223,242,1465,5181228
토르: 다크 월드,9.47,596,56,652,221,60,281,3040115
톱스타,8.37,124,40,164,69,39,108,175153
파파로티,9.28,573,94,667,217,44,261,1716438
퍼시 잭슨과 괴물의 바다,8.66,404,113,517,103,27,130,519584
퍼시픽 림,8.55,693,222,915,533,458,991,2539115
프리즈너스,9.16,87,21,108,50,25,75,188760
해양경찰 마르코,9.19,117,16,133,23,6,29,181740
헝거게임: 캣칭 파이어,9.15,405,59,464,165,58,223,1127373
호빗: 뜻밖의 여정,9.72,955,41,996,459,129,588,2818993
화이: 괴물을 삼킨 아이,9.23,598,79,677,390,175,565,2394487
화이트 하우스 다운,8.47,118,49,167,74,59,133,569500
히든 카드,8.59,49,10,59,14,31,45,151476
300: 제국의 부활,8.47,199,77,276,117,139,256,1593116
고질라,7.95,336,127,463,239,277,516,709734
관능의 법칙,7.64,129,87,216,54,54,108,781516
군도: 민란의 시대,9.28,1537,204,1741,947,1404,2351,4775811
"극장판 파워레인저 다이노포스VS고버스터즈 공룡 대결전! ~안녕, 영원한 친구여!~",9.14,81,12,93,13,8,21,215046
끝까지 간다,9.57,908,87,995,198,51,249,3450305
나를 찾아줘,9.09,96,21,117,181,37,218,1764233
나의 독재자,8.46,654,323,977,237,101,338,386074
나의 사랑 나의 신부,9.17,246,39,285,182,37,219,2141155
남자가 사랑할 때,9.08,396,63,459,324,72,396,1980120
노벰버 맨,8.73,69,17,86,149,26,175,252447
노아,9.3,536,67,603,250,283,533,2026574
노예 12년,9.36,699,84,783,75,30,105,499038
논스톱,9.45,294,36,330,373,88,461,2084457
닌자터틀,8.09,213,96,309,91,59,150,400333
다이버전트,8.55,119,40,159,57,50,107,424086
더 울프 오브 월스트리트,9.28,139,21,160,96,54,150,586005
덕수리 5형제,8.47,198,50,248,169,44,213,210775
덤 앤 더머 투,9.26,193,25,218,45,36,81,192739
두근두근 내 인생,5.62,1542,1602,3144,448,170,618,1624573
드라큘라: 전설의 시작,8.73,85,28,113,101,58,159,1321718
또 하나의 약속,9.76,3995,128,4123,515,49,564,497994
라스트베가스,9.59,325,28,353,40,10,50,177938
"러브, 로지",8.85,89,22,111,59,31,90,296748
레드카펫,8.85,213,44,257,132,26,158,316955
로보캅,8.34,314,144,458,145,133,278,979509
론 서바이버 ,9.22,638,119,757,70,23,93,190611
루시,7.99,406,204,610,209,268,477,1974843
마담 뺑덕,8.02,177,105,282,211,115,326,471248
말레피센트,9.57,154,16,170,152,79,231,1396899
메이즈 러너,9.3,414,57,471,961,220,1181,2299751
명량,8.64,1324,348,1672,2840,612,3452,17615437
방황하는 칼날,9.16,250,40,290,99,55,154,989593
변호인,6.08,14882,11765,26647,3324,3848,7172,11374892
빅매치,8.77,449,114,563,98,42,140,1177435
사랑에 대한 모든 것,8.98,81,19,100,70,33,103,278087
상의원,8.75,404,120,524,135,103,238,790370
소녀괴담,7.47,115,67,182,238,241,479,481707
수상한 그녀,9.55,1367,114,1481,427,82,509,8659755
숲속으로,9.6,140,15,155,68,134,202,341882
스텝 업: 올 인,9.42,283,32,315,86,42,128,565049
슬로우 비디오,9.07,869,124,993,428,97,525,1169546
신의 한 수,8.82,388,106,494,450,165,615,3566844
쓰리데이즈 투 킬,9.34,181,25,206,126,34,160,229644
아빠를 빌려드립니다,9.39,421,69,490,79,27,106,172652
"안녕, 헤이즐",9.39,259,38,297,165,31,196,749146
애나벨,8.96,108,17,125,170,123,293,926107
어메이징 스파이더맨 2,9.03,566,112,678,353,220,573,4164946
어바웃 타임,9.62,271,25,296,179,19,198,3396313
엑소더스: 신들과 왕들,9.04,275,45,320,391,156,547,1511845
엑스맨: 데이즈 오브 퓨처 패스트,9.16,565,120,685,761,165,926,4313446
엔더스 게임,9.12,988,136,1124,218,143,361,654480
엣지 오브 투모로우,9.23,303,61,364,810,208,1018,4697209
역린,9.05,1099,182,1281,669,633,1302,3849700
오큘러스,8.3,61,26,87,93,60,153,279438
용의자,9.28,788,107,895,636,114,750,4131963
우는 남자,8.16,265,112,377,188,315,503,603093
우리는 형제입니다,8.38,122,46,168,104,35,139,970377
우아한 거짓말,9.58,502,42,544,77,26,103,1619871
익스펜더블 3,9.04,317,65,382,56,20,76,152033
인간중독,7.81,187,84,271,180,177,357,1441990
인투 더 스톰,9.02,322,65,387,252,72,324,2078825
잭 라이언 : 코드네임 쉐도우,9.08,89,14,103,201,72,273,327591
제보자,8.57,419,134,553,176,53,229,1755181
조선미녀삼총사,7.46,734,364,1098,207,182,389,480361
좋은 친구들,7.94,127,65,192,237,95,332,407323
주온 : 끝의 시작,8.56,341,201,542,145,122,267,410644
찌라시: 위험한 소문,8.33,153,52,205,181,92,273,1221420
카트,9.67,8365,415,8780,564,87,651,814621
캡틴 아메리카: 윈터 솔져,9.34,369,44,413,530,84,614,3963964
컬러풀 웨딩즈,9.41,91,15,106,56,15,71,190470
타짜-신의 손,4.38,1052,2393,3445,476,699,1175,4015364
툼스톤,9.42,113,14,127,71,57,128,242770
트랜센던스,8.91,284,73,357,148,98,246,696412
트랜스포머: 사라진 시대,6.19,1654,1882,3536,542,772,1314,5295929
패션왕,6.45,1041,1181,2222,196,230,426,594876
폴리스 스토리 2014,9.69,288,16,304,53,15,68,153591
폼페이: 최후의 날,8.71,124,41,165,149,104,253,1373888
표적,9.15,217,30,247,232,144,376,2841884
퓨리,9.21,226,35,261,197,79,276,1362105
프랑켄슈타인: 불멸의 영웅,7.71,76,50,126,42,76,118,299205
플랜맨,9.09,438,69,507,169,36,205,635744
피끓는 청춘,9.38,1151,134,1285,400,194,594,1676040
하이힐,8.63,204,70,274,0,0,0,343487
해무(海霧),9.01,1273,198,1471,798,454,1252,1475091
해적: 바다로 간 산적,8.11,1170,487,1657,878,356,1234,8666208
헝거게임: 모킹제이,9.42,404,35,439,494,208,702,854407
호빗: 스마우그의 폐허,9.72,963,40,1003,340,69,409,2282807
혹성탈출: 반격의 서막,8.88,295,60,355,576,123,699,4002539
황제를 위하여,8.66,236,70,306,73,109,182,591502
007 스펙터,9.25,220,33,253,264,248,512,1820839
19곰 테드 2,9.04,72,13,85,47,28,75,170649
간신,8.31,391,185,576,355,137,492,1110274
강남 1970,9.32,1186,131,1317,504,202,706,2192276
검은 사제들,8.48,385,132,517,794,256,1050,5443049
경성학교: 사라진 소녀들,8.84,182,43,225,318,212,530,356436
국제시장,8.76,1015,214,1229,720,88,808,14262922
그놈이다,9.31,219,30,249,294,168,462,1046313
극비수사,8.74,190,45,235,244,168,412,2860786
극적인 하룻밤,8.61,76,19,95,108,38,146,321641
기생수 파트1,8.05,184,99,283,93,44,137,187310
기술자들,8.84,810,168,978,303,297,600,2564340
나의 절친 악당들,9.06,278,39,317,277,102,379,133555
내 심장을 쏴라,9.18,366,53,419,191,76,267,387408
내부자들,7.77,920,391,1311,1003,184,1187,7072501
더 셰프,8.95,121,45,166,43,28,71,187152
더 폰,9.25,448,76,524,263,124,387,1596762
도리화가,7.81,693,283,976,595,359,954,317505
런 올 나이트,9.04,101,25,126,53,19,72,289534
레전드,9.46,76,8,84,130,85,215,180091
마션,9.6,567,50,617,489,157,646,4881865
메이즈 러너: 스코치 트라이얼,9.38,751,96,847,348,137,485,2744422
무뢰한,9.53,181,19,200,202,88,290,414663
미션 임파서블: 로그네이션,9.59,369,25,394,621,214,835,6126488
미쓰 와이프,8.56,453,153,606,133,44,177,988451
박물관이 살아있다 : 비밀의 무덤,9.4,146,21,167,66,32,98,1101768
백 투 더 비기닝,7.99,87,49,136,177,94,271,266610
버드맨,7.99,1604,540,2144,108,38,146,206241
베테랑,8.89,569,117,686,887,181,1068,13414200
분노의 질주: 더 세븐,9.71,693,35,728,297,24,321,3248904
뷰티 인사이드,5.65,1214,1449,2663,275,234,509,2057996
사도,8.67,445,112,557,592,286,878,6247651
살인의뢰,8.61,195,64,259,184,156,340,855988
샌 안드레아스,8.84,201,65,266,211,89,300,1716455
서부전선,8.12,837,265,1102,392,266,658,609063
성난 변호사,7.91,166,86,252,132,56,188,1131154
소수의견,6.95,730,414,1144,276,109,385,383582
손님,8.44,196,63,259,420,361,781,828029
순수의 시대,8.89,236,56,292,222,159,381,470308
스물,9.04,702,111,813,416,167,583,3044859
스파이,9.38,422,81,503,130,45,175,2318748
스파이 브릿지,9.28,166,30,196,61,17,78,266493
신데렐라,9.02,135,34,169,69,25,94,716491
쎄시봉,2.95,1571,6403,7974,354,558,912,1715370
아메리칸 스나이퍼,9.14,80,20,100,65,21,86,345782
아메리칸 울트라,9.0,191,52,243,53,109,162,161383
악의 연대기,8.45,172,63,235,240,115,355,2192525
암살,8.3,675,236,911,1248,285,1533,12706663
앤트맨,7.77,148,55,203,885,367,1252,5448134
어벤져스: 에이지 오브 울트론,9.52,2660,209,2869,1272,601,1873,10494840
언브로큰,9.66,164,13,177,96,30,126,256802
언프렌디드: 친구삭제,8.47,94,33,127,29,47,76,219892
에베레스트,9.09,82,22,104,58,42,100,333038
연애의 맛,8.78,80,17,97,104,33,137,214539
연평해전,9.45,4879,368,5247,2261,305,2566,6044956
열정같은소리하고있네,9.24,389,52,441,249,125,374,654407
오늘의 연애,9.28,860,97,957,456,242,698,1892125
오피스,8.19,167,91,258,78,97,175,441208
워킹걸,3.93,600,2186,2786,153,91,244,151584
워터 디바이너,9.21,90,17,107,64,17,81,136275
위험한 상견례 2,8.87,305,59,364,81,42,123,472695
은밀한 유혹,8.76,197,42,239,92,55,147,145697
이미테이션 게임,9.0,353,89,442,213,33,246,1744213
인서전트,8.9,194,43,237,87,50,137,282707
인시디어스 3,8.61,137,41,178,99,41,140,825517
인턴,9.54,127,13,140,148,36,184,3611166
장수상회,9.23,761,93,854,155,23,178,1166229
조선명탐정 : 사라진 놉의 딸,8.45,222,89,311,118,69,187,3872015
주피터 어센딩,8.32,118,51,169,134,122,256,309842
차이나타운,8.32,142,51,193,200,159,359,1472147
채피,8.84,207,47,254,291,85,376,573661
치외법권,8.38,215,67,282,219,162,381,346483
킹스맨 : 시크릿 에이전트,9.32,141,27,168,312,59,371,6129651
탐정 : 더 비기닝,8.43,279,107,386,149,67,216,2625686
터미네이터 제니시스,7.35,818,476,1294,658,338,996,3240378
테이큰 3,8.9,333,89,422,522,282,804,2006564
투모로우랜드,9.02,109,22,131,49,55,104,265810
트랜스포터: 리퓰드,8.32,394,150,544,59,25,84,161245
특종: 량첸살인기,8.48,193,84,277,271,125,396,616481
판타스틱 4,8.06,1128,370,1498,98,253,351,399610
패딩턴,9.64,90,9,99,51,7,58,339014
팬,8.8,64,22,86,100,35,135,186174
픽셀,8.98,199,35,234,347,151,498,681920
하늘을 걷는 남자,9.29,79,18,97,80,14,94,238439
하트 오브 더 씨,8.97,101,28,129,129,42,171,809841
함정,8.1,223,86,309,142,93,235,257996
허삼관,9.0,668,118,786,346,112,458,956103
헝거게임: 더 파이널,8.65,240,56,296,145,60,205,806737
헬머니,7.83,177,90,267,46,38,84,523871
"협녀, 칼의 기억",6.56,664,579,1243,328,328,656,431310
호빗: 다섯 군대 전투,9.61,831,57,888,460,169,629,2836777
13시간,8.49,77,32,109,36,17,53,145955
가려진 시간,9.2,342,54,396,345,77,422,511369
갓 오브 이집트,8.18,91,36,127,256,107,363,910345
거울나라의 앨리스,9.16,432,91,523,61,25,86,513202
검사외전,9.01,631,110,741,953,371,1324,9707119
계춘할망,9.01,383,82,465,155,49,204,482784
"고산자, 대동여지도",8.03,347,140,487,237,84,321,974262
고스트버스터즈,8.12,244,94,338,179,82,261,515553
곡성,8.85,666,144,810,2022,1359,3381,6879989
구스범스,8.65,524,244,768,154,39,193,305131
국가대표 2,8.96,1411,329,1740,574,112,686,710117
굿바이 싱글,9.39,1108,199,1307,325,147,472,2108561
귀향,7.93,52,21,73,17,3,20,14495
그날의 분위기,8.32,212,72,284,201,109,310,653226
나를 잊지 말아요,8.34,176,59,235,339,290,629,427113
나우 유 씨 미 2,8.81,986,308,1294,743,241,984,3100113
"날, 보러와요",8.16,85,31,116,92,62,154,1063286
남과 여,8.52,205,54,259,64,58,122,203729
널 기다리며,9.38,661,78,739,246,66,312,635177
닌자터틀 : 어둠의 히어로,9.16,363,90,453,199,62,261,235211
다이버전트 시리즈: 얼리전트,8.79,122,32,154,35,15,50,103565
닥터 스트레인지,9.29,701,119,820,1674,507,2181,5447269
"당신, 거기 있어줄래요",9.48,1616,188,1804,369,86,455,1168782
대배우,9.0,151,33,184,148,52,200,169983
대호,8.28,395,158,553,394,200,594,1762733
덕혜옹주,8.23,1367,485,1852,1019,288,1307,5599995
데드풀,9.25,1124,236,1360,889,282,1171,3317184
독수리 에디,9.36,288,37,325,216,24,240,226318
동주,9.28,210,30,240,344,18,362,1175875
라이트 아웃,8.3,134,76,210,124,89,213,1111284
럭키,9.35,1800,344,2144,636,187,823,6975571
런던 해즈 폴른,8.27,117,48,165,91,30,121,731584
레버넌트: 죽음에서 돌아온 자,8.61,690,254,944,454,198,652,2007649
레전드 오브 타잔,8.57,79,26,105,217,152,369,858406
"로봇, 소리",9.18,718,103,821,419,80,499,476653
마이 리틀 자이언트,8.97,61,14,75,22,2,24,125800
매그니피센트 7,8.98,301,78,379,391,216,607,921317
맨 인 더 다크,8.93,405,133,538,155,83,238,1003406
메카닉: 리크루트,9.24,89,16,105,98,69,167,551897
미 비포 유,9.57,308,41,349,127,30,157,945172
미스 페레그린과 이상한 아이들의 집,9.55,138,13,151,362,108,470,2718160
미스컨덕트,8.49,179,49,228,162,111,273,149088
미씽: 사라진 여자,9.29,425,71,496,431,169,600,1153201
밀정,8.75,349,93,442,621,374,995,7500457
바스티유 데이,8.43,224,96,320,52,17,69,96579
배트맨 대 슈퍼맨: 저스티스의 시작,8.47,824,304,1128,939,1030,1969,2256691
벤허,8.12,149,74,223,263,87,350,1400397
봉이 김선달,8.83,719,144,863,772,277,1049,2051386
부산행,8.23,3300,1846,5146,2920,1530,4450,11566874
부활,8.71,41,10,51,35,2,37,176539
브리짓 존스의 베이비,8.72,512,122,634,286,41,327,820995
비밀은 없다,8.73,133,40,173,255,224,479,250904
빅쇼트,8.96,82,22,104,137,37,174,447220
사냥,8.35,278,115,393,610,894,1504,645834
설리: 허드슨강의 기적,9.42,234,43,277,144,34,178,627424
셜록: 유령신부,9.66,289,19,308,756,838,1594,1278885
수어사이드 스쿼드,7.67,727,365,1092,1087,1416,2503,1898220
순정,9.3,984,112,1096,537,78,615,240661
스타워즈: 깨어난 포스,9.02,501,108,609,605,321,926,3273873
스타트렉 비욘드,9.3,488,85,573,156,64,220,1157472
스포트라이트,9.31,78,11,89,68,20,88,301125
스플릿,9.48,348,45,393,187,28,215,758195
시간이탈자,8.94,309,66,375,409,249,658,1202168
신비한 동물사전,9.24,195,25,220,387,645,1032,2414064
아가씨,7.93,297,141,438,931,628,1559,4288825
아수라,8.31,506,185,691,1286,2380,3666,2594545
엑스맨: 아포칼립스,9.1,631,124,755,1160,517,1677,2938771
오빠생각,9.06,577,102,679,499,100,599,1069962
워크래프트: 전쟁의 서막,9.23,1390,176,1566,979,306,1285,1163223
위대한 소원,8.93,285,49,334,64,16,80,308457
위자: 저주의 시작,8.24,32,13,45,103,32,135,331886
인디펜던스 데이 : 리써전스,9.23,621,82,703,702,626,1328,1500744
인천상륙작전,7.57,1290,773,2063,3181,1448,4629,7050475
인페르노,8.95,82,19,101,211,78,289,689071
잭 리처: 네버 고 백,8.79,132,45,177,208,111,319,612328
정글북,9.53,247,24,271,242,99,341,2537438
제 5침공,7.53,126,64,190,152,159,311,135874
제이슨 본,9.78,619,25,644,1821,529,2350,2611969
조선마술사,7.79,279,124,403,269,333,602,627586
조이,9.37,248,30,278,74,22,96,172199
좋아해줘,9.19,321,41,362,273,67,340,848117
캡틴 아메리카: 시빌 워,9.46,1043,99,1142,2747,752,3499,8678117
컨저링 2,8.95,149,27,176,190,91,281,1928605
클로버필드 10번지,8.81,288,111,399,274,136,410,357736
탐정 홍길동: 사라진 마을,8.47,256,78,334,363,129,492,1430885
터널,8.28,393,152,545,954,398,1352,7120780
특별수사: 사형수의 편지,8.85,293,80,373,313,66,379,1243065
포인트 브레이크,8.97,185,39,224,148,61,209,295096
피터와 드래곤,8.67,20,7,27,11,4,15,109137
해어화,6.08,1005,1060,2065,349,206,555,485695
헌츠맨: 윈터스 워,8.05,108,47,155,252,165,417,444927
형,9.32,734,85,819,352,87,439,2982320
혼숨,6.86,67,48,115,155,106,261,288016
히말라야,8.18,389,159,548,537,236,773,7759711
1987,7.55,846,375,1221,1685,275,1960,7232387
23 아이덴티티,8.64,127,42,169,553,358,911,1675819
47 미터,8.16,198,87,285,155,124,279,590045
50가지 그림자: 심연,8.28,104,40,144,131,50,181,189620
7호실,9.03,277,43,320,175,140,315,347823
가디언즈 오브 갤럭시 VOL. 2,9.38,473,69,542,1239,297,1536,2736060
강철비,7.48,572,278,850,781,312,1093,4452755
겟 아웃,8.22,657,369,1026,453,211,664,2138425
공각기동대 : 고스트 인 더 쉘,8.14,631,265,896,639,413,1052,764072
공조,8.51,485,128,613,617,185,802,7817654
군함도,8.54,2741,630,3371,4704,5420,10124,6592168
그것,8.86,164,41,205,377,189,566,888836
그레이트 월,8.02,454,174,628,260,176,436,501486
기억의 밤,9.25,301,48,349,515,188,703,1387779
꾼,7.47,199,123,322,587,243,830,4018341
남한산성,8.27,524,187,711,1012,498,1510,3849129
대립군,9.08,437,75,512,885,210,1095,837500
대장 김창수,6.69,286,213,499,373,133,506,381483
더 큐어,9.27,105,16,121,454,124,578,159948
더 킹,8.54,868,218,1086,991,393,1384,5317383
덩케르크,9.22,435,56,491,1120,492,1612,2792705
라이프,8.13,208,113,321,267,180,447,459986
레지던트 이블: 파멸의 날,8.19,396,164,560,293,114,407,765259
로건,9.09,453,88,541,1391,285,1676,2169109
로그 원: 스타워즈 스토리,8.8,255,67,322,533,191,724,1019285
리얼,8.15,1512,481,1993,1180,2139,3319,470165
마스터,8.58,928,421,1349,736,447,1183,7147924
미녀와 야수,8.8,166,34,200,655,118,773,5138330
미옥,8.36,154,45,199,259,226,485,242737
미이라,9.02,293,62,355,1108,1096,2204,3689290
박열,9.15,721,136,857,592,248,840,2359497
반드시 잡는다,8.45,207,56,263,180,99,279,446780
발레리안: 천 개 행성의 도시,8.35,216,95,311,232,129,361,511931
범죄도시,9.28,1047,162,1209,454,71,525,6880546
베이비 드라이버,9.09,87,15,102,86,35,121,823624
보안관,8.29,145,53,198,418,201,619,2588628
보통사람,9.23,327,39,366,211,36,247,383336
부라더,9.11,660,164,824,259,116,375,1492903
분노의 질주: 더 익스트림,9.5,298,31,329,640,100,740,3653238
불한당: 나쁜 놈들의 세상,8.74,777,237,1014,547,144,691,954444
브이아이피,8.26,432,147,579,735,517,1252,1373342
블레이드 러너 2049,8.97,771,145,916,270,108,378,322664
비정규직 특수요원,8.3,581,172,753,198,99,297,149629
사랑하기 때문에,9.05,398,68,466,326,56,382,340936
살인자의 기억법,7.94,703,291,994,812,257,1069,2658589
석조저택 살인사건,8.78,107,32,139,195,117,312,353517
스타워즈: 라스트 제다이,8.62,212,64,276,526,261,787,959578
스파이더맨: 홈 커밍,9.12,399,62,461,1116,362,1478,7258678
신과함께-죄와 벌,8.04,2894,1118,4012,1945,653,2598,14411675
싱글라이더,8.56,261,86,347,343,222,565,351276
아메리칸 메이드,8.92,84,17,101,286,60,346,401550
아빠는 딸,9.11,979,121,1100,82,52,134,647305
아이 캔 스피크,9.33,415,41,456,432,53,485,3282271
아토믹 블론드,9.02,122,45,167,70,57,127,155368
악녀,7.45,168,105,273,509,243,752,1208081
애나벨 : 인형의 주인,8.24,120,43,163,581,249,830,1934312
어느날,9.2,149,22,171,130,56,186,234829
어쌔신 크리드,8.92,744,174,918,455,237,692,355813
어쌔신: 더 비기닝,9.22,193,35,228,72,43,115,205544
얼라이드,9.16,457,139,596,139,46,185,520478
에이리언: 커버넌트,9.27,564,84,648,1490,794,2284,1307226
오리엔트 특급 살인,9.0,206,61,267,342,157,499,864757
옥자,7.65,444,254,698,1215,681,1896,322206
원더 우먼,8.51,219,74,293,822,416,1238,2165407
원라인,9.01,183,35,218,284,71,355,435142
위대한 쇼맨,9.61,486,41,527,706,55,761,1403026
임금님의 사건수첩,8.62,441,136,577,370,162,532,1635003
장산범,8.24,296,124,420,550,375,925,1306438
재심,9.31,239,31,270,345,92,437,2421197
저스티스 리그,8.05,740,339,1079,802,485,1287,1786388
조작된 도시,8.92,591,114,705,884,303,1187,2515501
존 윅 - 리로드,9.24,216,38,254,147,36,183,276428
지오스톰,8.37,90,32,122,418,205,623,1028386
채비,9.47,236,30,266,198,11,209,177439
청년경찰,8.77,1151,278,1429,1165,249,1414,5653444
침묵,8.79,257,62,319,245,125,370,494097
컨택트,7.73,940,526,1466,355,131,486,634150
콩: 스컬 아일랜드,8.44,529,176,705,292,193,485,1689079
킬러의 보디가드,9.36,141,22,163,181,62,243,1721824
킹 아서: 제왕의 검,8.52,260,87,347,140,47,187,415714
킹스맨: 골든 서클,8.98,547,120,667,1267,442,1709,4945486
택시운전사,8.5,2862,676,3538,4125,825,4950,12189195
토르: 라그나로크,9.4,467,52,519,1293,479,1772,4858572
트랜스포머: 최후의 기사,8.1,842,384,1226,1915,820,2735,2614234
트리플 엑스 리턴즈,9.31,286,37,323,162,63,225,475309
특별시민,8.61,413,104,517,494,342,836,1362634
판도라,8.13,515,217,732,713,219,932,4584893
패신저스,8.94,154,34,188,388,143,531,668977
프리즌,9.08,1183,306,1489,365,260,625,2931897
플립,9.44,3408,468,3876,62,13,75,355767
하루,8.09,169,69,238,324,121,445,1129609
해빙,9.16,152,24,176,1278,1428,2706,1204600
해피 데스데이,9.21,160,23,183,222,67,289,1382650
핵소 고지,8.98,441,118,559,193,29,222,177821
혹성탈출: 종의 전쟁,9.13,424,84,508,1034,662,1696,2051351
희생부활자,8.88,189,45,234,422,192,614,323628
히든 피겨스,9.45,328,47,375,106,5,111,449518
007 스카이폴,9.13,125,19,144,159,145,304,2376266
26년,5.89,7269,6346,13615,1699,2004,3703,2963652
R2B: 리턴투베이스,8.97,524,89,613,674,201,875,1201944
가문의 영광5 - 가문의 귀환,8.37,569,163,732,85,48,133,1160021
간기남,8.81,58,23,81,47,32,79,1246185
간첩,9.57,12,2,14,48,52,100,1310895
건축학개론,9.01,474,92,566,126,44,170,4113446
공모자들,9.59,39,2,41,83,83,166,1646142
"광해, 왕이 된 남자",9.79,73,4,77,573,60,633,12323745
나는 왕이로소이다,7.62,41,17,58,50,33,83,790181
나의 PS 파트너 ,8.78,345,96,441,194,46,240,1831741
내 아내의 모든 것,9.13,110,17,127,89,42,131,4598985
내가 살인범이다,9.04,641,124,765,312,50,362,2729830
네버엔딩 스토리,9.25,88,11,99,15,7,22,283449
늑대소년,9.28,628,76,704,0,0,0,7069353
다크 나이트 라이즈,9.57,1461,93,1554,1704,294,1998,6399304
다크 섀도우,9.5,152,19,171,50,66,116,582126
댄싱퀸,8.52,143,48,191,75,15,90,4058225
더 그레이,8.87,30,9,39,0,0,0,292267
도둑들,8.68,494,126,620,1014,654,1668,12983841
돈 크라이 마미,7.91,766,300,1066,289,345,634,975462
돈의 맛,7.2,107,75,182,310,197,507,1166025
두 개의 달,7.54,73,42,115,35,24,59,426706
디스 민즈 워,9.28,24,5,29,42,16,58,873396
락아웃: 익스트림미션,7.93,28,15,43,43,38,81,462176
러브픽션,9.45,156,17,173,80,105,185,1726227
레미제라블,9.61,564,44,608,707,201,908,5920977
레지던트 이블 5 : 최후의 심판,8.52,111,32,143,67,72,139,558443
루퍼,9.9,10,0,10,76,40,116,571922
링컨: 뱀파이어 헌터,9.33,44,8,52,25,41,66,345175
마이 웨이,7.25,495,300,795,151,156,307,2142670
맨 온 렛지,8.91,33,12,45,16,15,31,591841
무서운 이야기,8.45,50,14,64,57,30,87,331760
미션임파서블:고스트프로토콜,9.18,269,45,314,194,67,261,7508976
미쓰GO,8.0,102,39,141,34,59,93,611685
미확인 동영상 : 절대클릭금지,8.52,428,133,561,73,47,120,867386
밀레니엄 : 여자를 증오한 남자들,9.02,55,11,66,10,5,15,443855
바람과 함께 사라지다,9.54,80,7,87,116,61,177,4909944
반창꼬,9.15,653,102,755,430,75,505,2475797
배틀쉽,8.98,341,85,426,581,368,949,2241687
백설공주,9.11,90,21,111,13,14,27,585698
범죄와의 전쟁: 나쁜놈들 전성시대,9.31,199,26,225,216,57,273,4720050
본 레거시,9.22,273,35,308,243,146,389,1015832
부러진 화살,8.74,234,56,290,85,16,101,3460212
브레이킹 던 part2,9.48,820,60,880,468,91,559,2654817
셜록홈즈 : 그림자 게임,9.24,245,33,278,74,18,92,2239156
스노우 화이트 앤 더 헌츠맨,9.2,227,43,270,88,42,130,636631
스텝업4 : 레볼루션,9.82,64,1,65,238,38,276,953871
시체가 돌아왔다,8.55,108,36,144,59,48,107,986923
아부의 왕,8.19,60,30,90,16,32,48,497880
어메이징 스파이더맨,7.85,729,323,1052,209,176,385,4853273
어벤져스,9.44,1139,117,1256,649,117,766,7075607
언터처블: 1%의 우정,9.51,188,20,208,78,8,86,1721611
연가시,7.8,710,355,1065,566,214,780,4516063
용의자X,9.93,28,0,28,152,79,231,1552055
우리는 동물원을 샀다,9.29,44,5,49,14,1,15,276334
원더풀 라디오,9.01,220,40,260,128,54,182,986287
위험한 관계,8.06,11,5,16,31,27,58,298086
은교,8.33,147,61,208,50,42,92,1346511
음치 클리닉 ,8.07,404,190,594,94,63,157,338168
이웃사람,9.48,228,23,251,108,101,209,2434435
익스펜더블 2,9.61,59,5,64,45,23,68,444456
잃어버린 세계를 찾아서 2: 신비의 섬,9.03,108,28,136,24,11,35,1149628
점쟁이들,9.29,37,4,41,215,155,370,953682
존 카터: 바숨 전쟁의 서막 ,8.55,90,27,117,67,51,118,838126
차형사,9.09,216,31,247,85,80,165,1346754
코리아,8.43,346,93,439,130,59,189,1872682
크로니클,9.05,67,13,80,24,61,85,384398
타워,7.88,954,436,1390,1223,242,1465,5181228
타이탄의 분노,8.59,116,36,152,93,95,188,893027
테이큰 2,9.59,238,21,259,106,101,207,2308646
토탈 리콜,9.59,49,5,54,129,140,269,1219637
파파,8.78,177,97,274,45,25,70,587291
퍼펙트 게임,9.43,448,49,497,163,34,197,1507084
페이스메이커,8.93,285,106,391,95,20,115,467697
프로메테우스,9.13,187,32,219,385,459,844,971482
하울링,8.74,201,43,244,93,60,153,1612554
헝거게임: 판엠의 불꽃,9.46,362,45,407,46,55,101,608273
호빗: 뜻밖의 여정,9.72,955,41,996,459,129,588,2818993
화차,9.34,127,15,142,43,46,89,2436884
회사원,9.61,41,3,44,107,146,253,1110523
후궁 : 제왕의 첩,7.3,90,78,168,103,201,304,2636385
가문의 영광4 - 가문의 수난,5.36,187,239,426,32,93,125,2368267
걸리버 여행기,8.74,267,62,329,31,57,88,1762071
고양이: 죽음을 보는 두 개의 눈,5.65,299,346,645,28,51,79,672340
고지전,6.0,261,289,550,123,49,172,2945151
글러브,9.15,397,67,464,140,28,168,1887733
너는 펫,8.89,587,102,689,118,66,184,543313
도가니,9.24,570,73,643,231,35,266,4662926
라스트 갓파더,8.83,3165,630,3795,654,391,1045,2541603
러브 & 드럭스,9.83,190,11,201,10,11,21,527077
레드 라이딩 후드,9.19,132,22,154,31,33,64,362572
리얼 스틸,9.26,333,48,381,126,29,155,3579666
링컨 차를 타는 변호사,8.75,36,15,51,11,10,21,327655
마이 블랙 미니드레스,9.07,185,30,215,65,33,98,313953
마이 웨이,7.25,495,300,795,151,156,307,2142670
만추,8.36,240,75,315,215,104,319,849635
머니볼,9.28,53,8,61,29,12,41,641323
모비딕,8.35,48,24,72,11,24,35,430936
미션임파서블:고스트프로토콜,9.18,269,45,314,194,67,261,7508976
분노의 질주: 언리미티드,9.46,115,12,127,53,10,63,1622015
브레이킹 던 part1,9.61,1014,72,1086,123,66,189,1462561
블랙 스완,9.31,190,28,218,106,21,127,1623518
사랑이 무서워,6.48,31,30,61,10,7,17,402876
삼총사 3D,8.79,95,22,117,18,20,38,660205
상하이,7.71,59,26,85,86,17,103,269157
생텀,8.42,88,36,124,48,54,102,465039
세상에서 가장 아름다운 이별,9.83,152,4,156,15,4,19,317013
셜록홈즈 : 그림자 게임,9.24,245,33,278,74,18,92,2239156
소스 코드,9.06,82,19,101,86,39,125,1277690
수상한 고객들,9.45,267,27,294,42,26,68,1059350
슈퍼 에이트,8.24,117,54,171,25,60,85,472157
시즌 오브 더 위치: 마녀 호송단,8.64,30,9,39,14,18,32,435201
신들의 전쟁,7.88,67,44,111,85,112,197,1338411
심장이 뛴다,9.12,228,52,280,115,37,152,1025243
써니,9.0,420,91,511,0,0,0,7453715
아이 엠 넘버 포,8.35,92,32,124,52,21,73,654386
아이들...,9.35,512,73,585,137,95,232,1867849
엑스맨: 퍼스트 클래스,8.77,149,42,191,186,24,210,2534979
오싹한 연애,9.43,254,34,288,82,25,107,3009406
오직 그대만,9.6,486,40,526,97,25,122,1027782
완득이,9.5,670,61,731,104,25,129,5311353
월드 인베이젼,8.74,299,75,374,235,141,376,1307873
위험한 상견례,8.87,305,59,364,81,42,123,472695
의뢰인,9.35,200,29,229,60,49,109,2393103
인 타임,9.27,98,19,117,24,43,67,616943
적과의 동침,8.52,180,57,237,20,21,41,243094
조선명탐정 : 각시투구꽃의 비밀,9.09,393,73,466,122,30,152,4786259
줄리아의 눈,8.96,107,30,137,24,17,41,236365
챔프,7.92,151,59,210,32,20,52,535657
체포왕,9.43,99,15,114,44,13,57,870887
최종병기 활,8.64,341,119,460,0,0,0,7482180
친구와 연인사이,9.81,15,1,16,5,3,8,267843
카우보이 & 에이리언,7.75,70,38,108,29,41,70,256346
카운트다운,8.95,91,21,112,17,20,37,471547
캐리비안의 해적: 낯선 조류,9.57,943,79,1022,106,123,229,3130046
커플즈,9.43,105,13,118,14,12,26,360080
컨테이젼,8.29,64,28,92,36,37,73,228899
컨트롤러,8.41,79,29,108,16,31,47,373397
콜롬비아나,8.28,36,14,50,7,8,15,598365
퀵,8.12,293,121,414,88,65,153,3125069
킹스 스피치,9.3,84,17,101,19,14,33,808908
토르: 천둥의 신,8.82,192,39,231,62,65,127,1694769
통증,8.18,148,52,200,45,35,80,700272
트랜스포머 3,9.49,1645,155,1800,363,399,762,7785189
트론: 새로운 시작,8.95,160,34,194,42,50,92,437319
특수본,9.17,117,22,139,95,59,154,1118258
파이널 데스티네이션5,8.0,51,30,81,30,9,39,257193
파퍼씨네 펭귄들,9.64,206,15,221,9,8,17,980387
퍼스트 어벤져,8.58,119,40,159,38,65,103,514579
퍼펙트 게임,9.43,448,49,497,163,34,197,1507084
평양성,8.19,157,53,210,119,48,167,1717566
푸른소금,8.67,295,76,371,116,119,235,771699
풍산개,7.75,116,60,176,61,41,102,714136
해리 포터와 죽음의 성물1,9.44,2246,207,2453,180,69,249,2853500
해리포터와 죽음의 성물2,9.6,1642,102,1744,471,80,551,4421210
헬로우 고스트,9.15,413,81,494,115,30,145,3019960
혹성탈출: 진화의 시작,8.98,324,78,402,218,67,285,2773794
화이트: 저주의 멜로디,8.21,352,141,493,48,68,116,790959
황해,8.99,386,73,459,202,167,369,2260512
A-특공대,9.64,100,7,107,30,10,40,777985
검우강호,8.11,66,28,94,36,44,80,312334
고死 두 번째 이야기: 교생실습,8.59,1556,363,1919,175,356,531,857038
공자 춘추전국시대,7.68,88,43,131,0,0,0,371617
구르믈 버서난 달처럼,8.9,159,38,197,26,38,64,1383867
그린 존,9.8,101,6,107,27,20,47,596403
김종욱 찾기,9.02,227,43,270,70,31,101,1122225
꼬마 니콜라,9.02,49,7,56,13,5,18,31368
나니아 연대기: 새벽 출정호의 항해,9.39,495,57,552,31,16,47,1172586
나인,8.96,73,17,90,120,110,230,491162
나잇&데이,8.85,59,16,75,55,29,84,2243484
내 깡패 같은 애인,8.78,54,20,74,63,13,76,688639
내니맥피 2: 유모와마법소동,9.24,71,12,83,10,1,11,206674
대한민국 1%,7.8,181,66,247,55,18,73,440372
라스트 갓파더,8.83,3165,630,3795,654,391,1045,2541603
라스트 에어벤더,8.49,404,121,525,61,181,242,1371164
러블리 본즈,6.89,89,81,170,21,24,45,208672
레지던트 이블 4: 끝나지 않은 전쟁 3D,8.97,379,70,449,47,56,103,1190008
레터스 투 줄리엣,8.46,57,19,76,8,1,9,583354
로빈 후드,9.07,82,18,100,47,39,86,1570681
마법사의 제자,8.86,89,26,115,28,24,52,570775
마음이2,9.62,438,24,462,26,9,35,696382
맨발의 꿈,9.54,184,16,200,56,5,61,331945
먹고 기도하고 사랑하라,8.94,26,5,31,13,19,32,500266
무적자,7.55,240,114,354,62,99,161,1546132
반가운 살인자,8.98,119,30,149,91,53,144,590531
방가? 방가!,7.78,104,52,156,19,10,29,972431
방자전,8.4,139,56,195,31,27,58,2985556
베스트 키드,9.57,139,11,150,23,10,33,287278
베스트셀러,8.82,80,20,100,52,23,75,1081752
부당거래,9.5,96,15,111,84,33,117,2723028
불량남녀,8.49,75,27,102,28,11,39,483387
블라인드 사이드,9.66,198,12,210,15,9,24,355516
사랑은 너무 복잡해,8.68,16,6,22,10,2,12,234113
섹스 앤 더 시티 2,8.86,62,12,74,21,7,28,398347
셔터 아일랜드,9.38,99,12,111,51,36,87,990223
셜록 홈즈,8.87,230,47,277,50,35,85,2184425
소셜 네트워크,9.01,75,22,97,42,28,70,509295
솔트,8.8,87,32,119,92,73,165,2869938
스카이 라인,7.39,409,200,609,665,263,928,860340
스텝 업 3D,9.66,175,13,188,141,15,156,671845
시,8.92,40,9,49,21,2,23,218898
시라노; 연애조작단,9.17,470,74,544,322,51,373,2684798
식객2 : 김치전쟁,8.59,212,58,270,33,21,54,462714
심야의 F.M.,9.41,137,13,150,76,52,128,1208310
쓰리 데이즈,9.4,105,23,128,18,9,27,272496
아바타,8.75,1147,296,1443,0,0,0,13486963
아이언맨 2,9.23,638,83,721,163,177,340,4425235
아저씨,9.1,523,102,625,384,39,423,6178665
악마를 보았다,8.84,245,49,294,190,219,409,1817069
앨빈과 슈퍼밴드2,9.61,228,14,242,23,8,31,617085
언스토퍼블,9.49,59,14,73,16,7,23,452320
엣지 오브 다크니스,7.88,38,18,56,194,18,212,193380
오션스,7.68,74,38,112,39,15,54,640704
용서는 없다,8.69,116,27,143,49,36,85,1125154
울프맨,8.75,45,11,56,16,30,46,265409
워리어스 웨이,7.93,276,121,397,57,98,155,432072
월 스트리트: 머니 네버 슬립스,8.81,34,8,42,8,6,14,241438
육혈포 강도단,8.04,91,40,131,22,17,39,1214237
의형제,9.19,461,72,533,299,46,345,5416829
이끼,8.99,550,122,672,127,120,247,3350311
이상한 나라의 앨리스,9.5,656,69,725,44,48,92,2147012
이층의 악당,9.32,205,32,237,33,24,57,596864
이클립스,9.43,1467,132,1599,121,78,199,2069546
익스펜더블,9.64,387,23,410,29,52,81,390458
인셉션,9.34,522,69,591,493,80,573,5835017
인플루언스,8.66,48,10,58,0,0,0,201
일라이,6.3,59,60,119,12,22,34,219196
적인걸: 측천무후의 비밀,8.74,46,11,57,7,3,10,459955
전우치,8.86,806,178,984,401,200,601,6065474
주유소 습격사건 2,7.5,172,86,258,56,54,110,729834
쩨쩨한 로맨스,8.71,150,34,184,57,36,93,2067538
초능력자,9.34,928,100,1028,158,236,394,2130645
친정엄마,9.72,242,16,258,32,3,35,472009
퀴즈왕,8.03,94,37,131,36,29,65,573001
킬러스,5.78,31,68,99,31,41,72,322888
토이 스토리 3,9.58,541,42,583,134,13,147,1460726
투어리스트,9.66,56,6,62,49,74,123,905624
파괴된 사나이,9.08,264,55,319,163,75,238,1012310
퍼시 잭슨과 번개 도둑,9.19,409,59,468,101,102,203,1846180
페르시아의 왕자: 시간의 모래,9.24,178,35,213,45,22,67,1970823
페스티발,8.71,98,23,121,132,31,163,196995
평행이론,8.49,132,43,175,75,51,126,921111
폐가,8.59,291,101,392,226,134,360,225955
포스 카인드,8.25,139,52,191,22,12,34,224808
포화속으로,5.61,1659,1696,3355,345,154,499,3330326
프레데터스,8.99,134,30,164,24,32,56,276536
프롬 파리 위드 러브,8.07,37,23,60,29,38,67,369394
피라냐,8.04,124,55,179,43,66,109,505875
하녀,8.02,124,60,184,43,125,168,2267579
하모니,9.56,739,62,801,318,33,351,3018154
해결사,7.8,81,52,133,43,51,94,1843404
해리 포터와 죽음의 성물1,9.44,2246,207,2453,180,69,249,2853500
헬로우 고스트,9.15,413,81,494,115,30,145,3019960
황해,8.99,386,73,459,202,167,369,2260512
10억,8.8,218,57,275,48,104,152,433866
13구역: 얼티메이텀,9.68,82,5,87,26,11,37,501736
13일의 금요일,9.32,85,12,97,4,13,17,208118
2012,8.89,651,129,780,0,0,0,5397597
7급 공무원,8.52,202,67,269,45,13,58,4039891
거북이 달린다,9.02,105,21,126,50,32,82,3024666
게이머,9.5,63,7,70,11,15,26,305927
과속스캔들,8.91,610,130,740,223,28,251,8223342
국가대표,8.15,658,266,924,0,0,0,8035181
굿모닝 프레지던트,8.82,181,42,223,50,49,99,2554960
그는 당신에게 반하지 않았다,8.63,54,16,70,22,16,38,935168
그림자 살인,6.0,216,205,421,48,44,92,1892467
김씨표류기,8.89,204,53,257,88,27,115,725031
나는 비와 함께 간다,9.58,146,9,155,33,104,137,212088
내 사랑 내 곁에,9.74,893,37,930,141,79,220,2135509
노잉,8.98,142,28,170,47,71,118,1047062
뉴 문,9.45,971,85,1056,123,115,238,1933467
뉴욕은 언제나 사랑 중,9.75,110,5,115,0,7,7,243432
닌자 어쌔신,9.05,1099,179,1278,522,203,725,1332819
더 리더: 책 읽어주는 남자,8.88,20,5,25,0,0,0,455053
드래곤볼 에볼루션,5.05,301,491,792,26,87,113,419189
드래그 미 투 헬,9.05,61,14,75,28,39,67,272813
디스트릭트 9,8.87,283,58,341,125,50,175,841125
디파이언스,7.8,15,5,20,24,6,30,229157
마린보이,7.58,89,55,144,49,53,102,827647
말리와 나,9.36,33,3,36,20,14,34,210270
모범시민,9.39,107,17,124,66,70,136,800006
문프린세스 : 문에이커의 비밀,8.91,108,21,129,19,33,52,360195
바스터즈: 거친 녀석들,8.98,81,15,96,12,4,16,331827
박물관이 살아있다 2,9.56,285,22,307,21,24,45,1972440
박쥐,7.92,272,134,406,205,391,596,2208165
백야행,8.71,167,44,211,80,43,123,949896
벤자민 버튼의 시간은 거꾸로 간다,9.21,241,41,282,0,0,0,1747305
분노의 질주: 더 오리지널,9.65,107,8,115,26,6,32,675255
불꽃처럼 나비처럼,8.37,215,60,275,57,46,103,1670652
불신지옥,8.19,86,32,118,29,16,45,248291
세븐 파운즈,8.19,33,15,48,16,26,42,229799
셜록 홈즈,8.87,230,47,277,50,35,85,2184425
쇼퍼홀릭,9.45,31,2,33,5,2,7,306459
스타 트렉: 더 비기닝,9.05,106,18,124,80,26,106,1085447
슬럼독 밀리어네어,9.62,58,6,64,47,10,57,1106899
슬픔보다 더 슬픈 이야기,7.75,120,59,179,31,24,55,715800
시간 여행자의 아내,9.54,207,30,237,0,0,0,730934
쌍화점,9.14,327,52,379,129,149,278,3749034
써로게이트,9.14,39,11,50,29,23,52,794475
아바타,8.75,1147,296,1443,0,0,0,13486963
애자,9.26,163,22,185,31,11,42,1901731
언데드,8.59,22,7,29,14,18,32,214638
엑스맨 탄생: 울버린,9.07,169,34,203,81,40,121,1280734
여고괴담 5,7.77,154,70,224,19,46,65,644717
여배우들,8.0,149,58,207,35,35,70,513405
예스맨,9.44,102,12,114,45,7,52,1395498
오감도,7.32,103,57,160,26,91,117,438808
오펀: 천사의 비밀,9.16,57,11,68,48,20,68,481064
왓치맨,9.43,104,16,120,72,142,214,597118
요가학원,7.69,97,52,149,27,113,140,268627
우리 집에 왜 왔니,9.81,605,19,624,39,17,56,217478
워낭소리,9.29,325,36,361,0,0,0,2934795
유감스러운 도시,6.52,143,116,259,53,58,111,1532632
이태원 살인사건,8.82,105,24,129,29,48,77,531023
인사동 스캔들,9.01,117,20,137,14,16,30,1187684
인터내셔널,9.0,12,4,16,10,21,31,237869
잉크하트 : 어둠의 부활,9.29,101,15,116,46,31,77,560588
작전,9.2,129,24,153,107,23,130,1517096
작전명 발키리,9.27,164,30,194,81,39,120,1784165
적벽대전 2 : 최후의 결전,9.05,243,41,284,62,41,103,2694436
전우치,8.86,806,178,984,401,200,601,6065474
정승필 실종사건,8.7,61,13,74,20,65,85,318852
주온-원혼의 부활,8.7,82,24,106,15,37,52,303473
지.아이.조 : 전쟁의 서막,8.82,190,55,245,233,180,413,2665886
지구가 멈추는 날,8.85,262,61,323,73,238,311,1576492
집행자,8.46,114,38,152,25,13,38,393019
차우,8.26,181,77,258,81,46,127,1778843
천사와 악마,9.3,200,34,234,105,34,139,1906687
청담보살,8.91,146,36,182,26,20,46,1308810
체인질링,8.95,35,8,43,17,4,21,519127
코코 샤넬,9.87,36,2,38,14,19,33,206769
킹콩을 들다,8.57,165,51,216,122,13,135,1262858
터미네이터 : 미래전쟁의 시작,8.91,651,130,781,284,177,461,4499776
트랜스포머: 패자의 역습,7.72,1910,687,2597,822,278,1100,7393443
트랜스포터-라스트 미션,9.35,143,19,162,36,40,76,937224
파르나서스 박사의 상상극장,9.73,419,21,440,49,86,135,458243
파이널 데스티네이션 4,8.88,65,15,80,9,16,25,284657
퍼블릭 에너미,9.66,105,12,117,26,55,81,456742
퍼펙트 겟어웨이,9.14,24,5,29,24,23,47,310779
페임,9.21,54,9,63,20,30,50,634100
펠햄 123,9.1,31,8,39,18,38,56,354850
푸시,8.69,77,24,101,18,38,56,715887
프로포즈,9.38,13,3,16,15,11,26,323707
해리 포터와 혼혈 왕자,9.58,2045,154,2199,211,315,526,2957736
해운대,7.72,830,403,1233,261,90,351,11324791
핸드폰,8.15,74,31,105,48,50,98,622486
호우시절,9.21,49,9,58,34,45,79,288116
홍길동의 후예,8.4,127,41,168,47,26,73,612126
007 퀀텀 오브 솔러스,9.4,68,9,77,17,25,42,2205160
"10,000 BC",8.58,59,19,78,19,45,64,1134364
1724 기방난동사건,7.6,39,24,63,12,16,28,288452
27번의 결혼리허설,8.96,16,7,23,4,6,10,239739
6년째 연애중,8.98,142,35,177,47,40,87,1112238
CJ7:장강7호,9.12,0,0,0,25,19,44,312576
GP 506,9.35,200,26,226,59,45,104,936945
P.S. 아이 러브 유,9.93,27,1,28,15,6,21,315558
가루지기,0.0,0,0,0,14,43,57,269478
강철중: 공공의 적 1-1,9.43,205,23,228,142,58,200,4313102
걸스카우트,8.15,28,11,39,37,8,45,248813
고고 70,9.05,63,11,74,41,32,73,595199
공작부인:세기의 스캔들,9.2,12,3,15,5,10,15,250657
과속스캔들,8.91,610,130,740,223,28,251,8223342
기다리다 미쳐,8.48,0,0,0,26,24,50,441337
꿀벌대소동,9.02,129,27,156,22,5,27,1238064
내셔널 트레져:비밀의 책,9.06,124,33,157,54,11,65,1745669
노크:낯선 자들의 방문,8.73,53,18,71,6,11,17,248807
눈먼자들의 도시,9.54,112,13,125,35,49,84,646826
눈에는 눈 이에는 이,8.84,121,34,155,153,99,252,2058616
님스 아일랜드,8.86,69,18,87,14,22,36,694539
님은 먼 곳에,9.1,161,35,196,163,149,312,1706495
다크 나이트,9.69,161,12,173,0,0,0,4175526
달콤한 거짓말,7.99,51,26,77,24,32,56,471310
더 게임,10.0,4,0,4,112,53,165,1479859
데스노트 L: 새로운 시작,8.1,914,317,1231,94,41,135,355158
뜨거운 것이 좋아,8.43,5,2,7,99,59,158,578834
라스베가스에서만 생길 수 있는 일,9.37,17,2,19,19,6,25,693874
마법에 걸린 사랑,9.49,106,12,118,25,10,35,440718
마이 뉴 파트너,10.0,1,0,1,4,12,16,260734
마지막 선물,9.41,129,16,145,16,14,30,265362
맘마미아!,8.96,97,22,119,33,14,47,4578239
맥스 페인,7.48,40,23,63,5,36,41,258067
멋진 하루,9.62,49,4,53,39,31,70,397387
명장,8.5,77,27,104,7,8,15,380515
모던보이,9.59,0,0,0,30,30,60,762370
무방비도시,10.0,4,0,4,81,61,142,1600856
미드나잇 미트 트레인,8.58,0,0,0,13,38,51,290363
미스트,8.83,111,30,141,49,78,127,521299
미쓰 홍당무,8.22,0,0,0,58,41,99,539121
미이라 3:황제의 무덤,8.67,297,98,395,64,175,239,4090885
미인도,7.23,85,49,134,47,84,131,2342579
바디 오브 라이즈,9.87,45,1,46,17,15,32,589899
바보,9.47,16,1,17,73,32,105,967654
뱅크 잡,8.89,21,7,28,0,0,0,557063
버킷 리스트:죽기전에 꼭 하고싶은것들,9.27,41,4,45,0,0,0,295214
비스티 보이즈,9.31,108,13,121,39,69,108,719587
삼국지:용의 부활,8.91,105,32,137,27,28,55,1025302
색즉시공 시즌2,6.58,104,92,196,15,17,32,2002423
서양 골동 양과자점 앤티크,9.36,305,35,340,274,102,376,1181332
섹스 앤 더 시티,9.02,33,7,40,30,9,39,1067707
순정만화,9.24,475,60,535,57,40,97,731706
슈퍼맨이었던 사나이,8.73,224,55,279,80,43,123,550284
스위니 토드 : 어느 잔혹한 이발사 이야기,9.76,304,17,321,65,39,104,698306
스텝업 2 : 더 스트리트,9.44,105,10,115,28,8,36,1044659
스트리트 킹,7.5,1,1,2,15,32,47,272501
스파이더위크가의 비밀,9.23,108,15,123,23,14,37,676155
스피드 레이서,9.18,10,1,11,202,82,284,798718
신기전,8.9,200,43,243,158,51,209,3728439
쌍화점,9.14,327,52,379,129,149,278,3749034
아기와 나,9.78,22,1,23,61,26,87,435940
아내가 결혼했다,7.98,93,34,127,44,37,81,1799501
아이언맨,9.09,235,45,280,139,33,172,4300365
어거스트 러쉬,9.38,434,70,504,0,0,0,2227459
에이리언 VS 프레데터2,9.3,294,47,341,30,39,69,289701
엑스파일:나는 믿고싶다,9.62,58,6,64,4,18,22,244023
영화는 영화다,9.1,159,27,186,131,14,145,1311118
예스맨,9.44,102,12,114,45,7,52,1395498
오스트레일리아,9.47,72,7,79,10,7,17,999030
우리 생애 최고의 순간,9.3,454,67,521,145,31,176,4018872
울학교 이티,8.9,114,25,139,23,13,36,652178
원티드,10.0,7,0,7,161,78,239,2858750
이글 아이,9.26,125,20,145,49,26,75,2292172
인디아나 존스 4 : 크리스탈 해골의 왕국,9.66,344,24,368,105,72,177,4111753
적벽대전:거대한 전쟁의 시작,7.67,209,90,299,76,94,170,1572064
점퍼,9.32,152,22,174,51,68,119,1665268
"좋은 놈, 나쁜 놈, 이상한 놈 ",9.31,709,105,814,844,497,1341,6686054
지구가 멈추는 날,8.85,262,61,323,73,238,311,1576492
천일의 스캔들,9.17,21,2,23,10,4,14,693836
추격자,7.5,2,4,6,232,51,283,5046096
크로싱,10.0,11,0,11,60,24,84,898000
클로버필드,9.03,193,43,236,161,160,321,558389
테이큰,9.08,11,2,13,114,11,125,2359061
트럭,9.5,2,0,2,25,13,38,550195
트와일라잇,9.53,344,32,376,0,0,0,1376760
포비든 킹덤: 전설의 마스터를 찾아서,9.47,231,23,254,0,0,0,1211890
해프닝,9.44,67,8,75,20,62,82,347791
핸콕,9.54,181,19,200,66,75,141,2722574
황금 나침반,9.01,245,63,308,34,49,83,2906958
